-0.0000
-0.0002
-0.0005
-0.0014
-0.0028
-0.0037
-0.0042
-0.0053
-0.0068
-0.0087
-0.0111
-0.0139
-0.0168
-0.0201
-0.0236
-0.0271
-0.0306
-0.0344
-0.0384
-0.0429
-0.0480
-0.0515
-0.0588
-0.0758
-0.1101
-0.1869
-0.3271
-0.5409
-0.8589
-1.2987
-1.8443
-2.4862
-3.2235
-4.0552
-4.9816
-6.0033
-7.1209
-8.3341
-9.6420
-11.0456
-12.5445
-14.1410
-15.8329
-17.6186
-19.4512
-21.3156
-23.2201
-25.1126
-26.9418
-28.6848
-30.3387
-31.8969
-33.3581
-34.7266
-36.0038
-37.1860
-38.2746
-39.2686
-40.1677
-40.9717
-41.6791
-42.2905
-42.8064
-43.2274
-43.5538
-43.7854
-43.9216
-43.9628
-43.9097
-43.7624
-43.5203
-43.1825
-42.7491
-42.2201
-41.5959
-40.8758
-40.0599
-39.1494
-38.1438
-37.0422
-35.8455
-34.5532
-33.1650
-31.6800
-30.0978
-28.4194
-26.6453
-24.7758
-22.8105
-20.7490
-18.5913
-16.3368
-13.9883
-11.5451
-9.0151
-6.4233
-3.8028
-1.1832
1.4041
3.9211
6.3564
8.7036
10.9548
13.1126
15.1753
17.1446
19.0239
20.8120
22.5087
24.1146
25.6301
27.0548
28.3876
29.6283
30.7775
31.8350
32.8004
33.6740
34.4553
35.1439
35.7403
36.2449
36.6574
36.9779
37.2066
37.3429
37.3874
37.3406
37.2015
36.9700
36.6458
36.2291
35.7201
35.1187
34.4251
33.6395
32.7624
31.7936
30.7319
29.5776
28.3318
26.9946
25.5652
24.0435
22.4287
20.7194
18.9162
17.0193
15.0297
12.9442
10.7605
8.4812
6.1062
3.6373
1.0822
-1.5531
-4.2509
-6.9752
-9.6871
-12.3458
-14.9209
-17.4076
-19.8084
-22.1221
-24.3466
-26.4822
-28.5302
-30.4899
-32.3609
-34.1419
-35.8332
-37.4335
-38.9416
-40.3587
-41.6841
-42.9174
-44.0590
-45.1083
-46.0655
-46.9315
-47.7066
-48.3910
-48.9845
-49.4870
-49.8983
-50.2181
-50.4469
-50.5840
-50.6295
-50.5838
-50.4471
-50.2192
-49.9002
-49.4899
-48.9873
-48.3922
-47.7045
-46.9241
-46.0526
-45.0905
-44.0381
-42.8940
-41.6577
-40.3304
-38.9124
-37.4027
-35.8002
-34.1045
-32.3161
-30.4362
-28.4695
-26.4258
-24.3104
-22.1390
-19.9501
-17.7813
-15.6571
-13.5960
-11.6132
-9.7174
-7.9164
-6.2123
-4.6012
-3.0846
-1.6637
-0.3372
0.8963
2.0363
3.0825
4.0352
4.8938
5.6578
6.3277
6.9048
7.3903
7.7842
8.0860
8.2955
8.4121
8.4358
8.3664
8.2037
7.9482
7.5995
7.1577
6.6229
5.9953
5.2749
4.4616
3.5558
2.5577
1.4671
0.2840
-0.9929
-2.3635
-3.8271
-5.3842
-7.0336
-8.7832
-10.6345
-12.5754
-14.5961
-16.6789
-18.8024
-20.9455
-23.0674
-25.1273
-27.1088
-29.0036
-30.8070
-32.5195
-34.1419
-35.6740
-37.1156
-38.4665
-39.7267
-40.8950
-41.9723
-42.9590
-43.8553
-44.6619
-45.3766
-45.9990
-46.5293
-46.9669
-47.3115
-47.5635
-47.7239
-47.7913
-47.7650
-47.6439
-47.4279
-47.1176
-46.7122
-46.2114
-45.6154
-44.9247
-44.1392
-43.2592
-42.2846
-41.2135
-40.0441
-38.7743
-37.4057
-35.9409
-34.3812
-32.7242
-30.9677
-29.1143
-27.1643
-25.1169
-22.9716
-20.7277
-18.3871
-15.9507
-13.4184
-10.7900
-8.0649
-5.2429
-2.3254
0.6870
3.7949
6.9987
10.2991
13.6963
17.1895
20.7781
24.4626
28.2432
32.1207
36.0940
40.1627
44.3164
48.5324
52.7855
57.0444
61.2844
65.4913
69.6511
73.7442
77.7562
81.6791
85.5049
89.2318
92.8607
96.3923
99.8246
103.1588
106.3968
109.5393
112.5855
115.5361
118.3922
121.1531
123.8181
126.3871
128.8604
131.2376
133.5181
135.7023
137.7906
139.7819
141.6766
143.4753
145.1776
146.7834
148.2932
149.7072
151.0252
152.2469
153.3725
154.4021
155.3360
156.1740
156.9162
157.5635
158.1155
158.5714
158.9312
159.1959
159.3655
159.4394
159.4175
159.2998
159.0865
158.7775
158.3732
157.8738
157.2793
156.5896
155.8045
154.9242
153.9485
152.8776
151.7117
150.4504
149.0939
147.6422
146.0960
144.4561
142.7216
140.8914
138.9646
136.9414
134.8197
132.6062
130.3191
127.9912
125.6296
123.2437
120.8589
118.4749
116.0906
113.7059
111.3211
108.9362
106.5517
104.1677
101.7828
99.3975
97.0121
94.6264
92.2405
89.8544
87.4677
85.0805
