a:     98,     84, -16640, g:     -2,   -740,   -256
a:     63,    -25, -16384, g:    -46,   -611,   -256
a:    272,     52, -16640, g:     77,   -687,   -512
a:     67,    133, -16640, g:     29,   -788,   -256
a:    251,    123, -16640, g:     29,   -816,   -512
a:     28,     66, -16384, g:     45,   -655,   -256
a:    316,     42, -16128, g:     -1,   -828,   -512
a:     96,    -44, -16640, g:     41,   -638,   -256
a:    151,    226, -16384, g:     97,   -721,   -256
a:    105,    215, -16640, g:    164,   -607,   -512
a:    136,    -72, -16384, g:    166,   -731,   -256
a:    219,    103, -16640, g:    142,   -643,   -512
a:    -48,     14, -16384, g:    134,   -819,   -512
a:     52,    180, -16640, g:     74,   -722,   -256
a:    150,    174, -16640, g:    154,   -725,   -512
a:    156,    108, -16640, g:    160,   -710,   -512
a:     36,     65, -16640, g:     40,   -662,   -512
a:    120,    -36, -16384, g:     45,   -712,   -512
a:    377,     21, -16384, g:     13,   -828,   -512
a:    -81,     81, -16640, g:     72,   -685,   -512
a:    210,     54, -16384, g:     82,   -759,   -512
a:   -173,    117, -16384, g:    -14,   -730,   -256
a:    239,    103, -16384, g:     80,   -747,   -512
a:    -39,     81, -16128, g:    248,   -689,   -512
a:    163,     59, -16640, g:     40,   -673,   -256
a:   -115,    126, -16640, g:     89,   -696,   -256
a:     24,    128, -16384, g:     45,   -774,   -512
a:    137,    -17, -16640, g:    -76,   -849,   -512
a:     84,    126, -16384, g:     76,   -842,   -256
a:    297,    -11, -16640, g:     16,   -687,   -512
a:    181,     89, -16384, g:     88,   -852,   -256
a:     91,    157, -16640, g:    163,   -553,   -256
a:    114,     92, -16384, g:     10,   -784,   -256
a:    375,    143, -16384, g:     92,   -870,   -512
a:    146,    207, -16640, g:    138,   -694,   -256
a:    110,     78, -16640, g:     80,   -706,   -512
a:   -137,    -65, -16384, g:     36,   -886,   -256
a:     37,     51, -16640, g:     68,   -754,   -256
a:     46,    108, -16640, g:    236,   -719,   -512
a:    333,    107, -16384, g:     69,   -764,   -512
a:    168,     72, -16640, g:    -12,   -683,   -256
a:    331,     97, -16640, g:   -169,   -705,   -512
a:   -113,     97, -16640, g:     48,   -741,   -256
a:     62,     49, -16384, g:      5,   -670,   -512
a:    -67,     85, -16640, g:    -21,   -791,   -512
a:    120,    218, -16384, g:    -15,   -526,   -256
a:    132,    -20, -16384, g:     47,   -671,   -512
a:    128,    248, -16384, g:     45,   -763,   -512
a:    122,    -32, -16384, g:     88,   -709,   -256
a:    -19,     12, -16384, g:     54,   -689,   -256
a:    184,    114, -16384, g:     51,   -749,   -512
a:    262,    104, -16640, g:    104,   -681,   -256
a:     50,    149, -16384, g:     79,   -682,   -512
a:    158,     -2, -16640, g:    166,   -832,   -512
a:   -144,    114, -16640, g:    180,   -726,   -256
a:     62,   -172, -16640, g:      6,   -673,   -512
a:    -33,    165, -16384, g:    175,   -695,   -256
a:     52,     -6, -16384, g:    118,   -682,   -256
a:     57,    112, -16384, g:     29,   -665,   -512
a:     21,     49, -16384, g:    125,   -640,   -256
a:    106,     -4, -16640, g:     21,   -644,   -256
a:    129,    227, -16384, g:      3,   -762,   -256
a:    104,    -32, -16640, g:    128,   -716,   -256
a:    163,      1, -16128, g:     12,   -721,   -512
a:     11,    197, -16640, g:    -21,   -687,   -256
a:      2,    142, -16640, g:     12,   -945,   -256
a:    -94,    202, -16384, g:     49,   -672,   -256
a:     95,    119, -16640, g:    172,   -704,   -512
a:    126,    110, -16640, g:     -1,   -674,   -512
a:     83,    135, -16384, g:     62,   -754,   -256
a:   -108,    -58, -16384, g:     17,   -724,   -512
a:    137,    151, -16384, g:    -17,   -912,   -512
a:     16,    232, -16384, g:    119,   -739,   -256
a:     12,     28, -16384, g:    101,   -632,   -512
a:    226,    174, -16640, g:    120,   -646,   -256
a:    136,     10, -16640, g:    122,   -668,   -512
a:    205,    119, -16640, g:     98,   -722,   -512
a:    272,    164, -16384, g:    143,   -745,   -256
a:     43,     67, -16384, g:    156,   -730,   -512
a:   -113,     91, -16384, g:     37,   -737,   -512
a:    221,    119, -16640, g:     47,   -727,   -256
a:    -47,     27, -16384, g:     -5,   -714,   -256
a:    151,    137, -16640, g:     -8,   -639,   -256
a:     56,     -4, -16640, g:     29,   -746,   -256
a:     72,    130, -16640, g:    -16,   -750,   -256
a:    134,    168, -16640, g:     -4,   -754,   -512
a:    156,    -14, -16640, g:     53, ,    -710,   -256
a:     70,    218, -16640, g:    103,   -534,   -256
a:    175,    121, -16640, g:     46,   -671,   -256
a:    232,     74, -16384, g:     19,   -710,   -256
a:    152,    142, -16640, g:     74,   -614,   -512
a:    245,     62, -16640, g:    116,   -751,   -256
a:    157,    215, -16640, g:     49,   -716,   -512
a:    -54,     22, -16384, g:     53,   -741,   -512
a:    185,     67, -16384, g:     62,   -624,   -512
a:    113,    109, -16384, g:     78,   -709,   -512
a:     71,    137, -16384, g:     70,   -842,   -512
a:     65,    -22, -16640, g:     52,   -700,   -256
a:     78,    178, -16384, g:     18,   -747,   -512
a:     62,    -66, -16640, g:    128,   -769,   -512
a:   -112,    -59, -16640, g:    123,   -749,   -256
a:    218,     48, -16384, g:     39,   -770,   -512
a:     -6,     48, -16384, g:    117,   -733,   -512
a:    255,    -28, -16384, g:    105,   -670,   -512
a:     40,     98, -16384, g:    225,   -672,   -256
a:    479,    -53, -16640, g:     98,   -876,   -512
a:    127,     81, -16128, g:     53,   -689,   -256
a:     52,    228, -16640, g:     83,   -771,   -256
a:     52,     48, -16384, g:     26,   -722,   -256
a:     35,     99, -16384, g:     76,   -742,   -512
a:    147,   -119, -16640, g:      2,   -747,   -512
a:     94,    -36, -16640, g:    100,   -666,   -512
a:     92,    -25, -16384, g:    100,   -608,   -256
a:    163,     93, -16384, g:     26,   -707,   -512
a:    132,    182, -16640, g:     70,   -750,   -512
a:    311,     49, -16128, g:     56,   -736,   -256
a:     87,    105, -16640, g:   -116,   -654,   -256
a:    128,     46, -16384, g:    150,   -712,   -256
a:    326,      2, -16384, g:    109,   -662,   -256
a:    128,      8, -16384, g:     85,   -722,   -256
a:    -39,     39, -16384, g:    134,   -758,   -512
a:    100,     80, -16384, g:     76,   -691,   -256
a:    158,     34, -16384, g:     98,   -677,   -512
a:    141,    -61, -16640, g:    127,   -675,   -256
a:     43,     51, -16640, g:     65,   -766,   -256
a:    210,    -28, -16640, g:     30,   -680,   -512
a:    -75,     45, -16640, g:     39,   -667,   -256
a:    101,     80, -16384, g:     27,   -712,   -256
a:    194,     36, -16384, g:    161,   -771,   -512
a:    129,    -19, -16640, g:     81,   -747,   -512
a:     12,     83, -16384, g:    132,   -764,   -512
a:    203,     59, -16384, g:     35,   -710,   -512
a:    -15,     57, -16640, g:     82,   -639,   -256
a:     -7,    -87, -16384, g:     20,   -664,   -512
a:    148,    126, -16384, g:    -10,   -697,   -256
a:     77,     85, -16640, g:     49,   -708,   -256
a:    220,    178, -16640, g:    110,   -689,   -256
a:    234,     40, -16640, g:     43,   -792,   -256
a:    110,    288, -16384, g:     54,   -797,   -512
a:     78,     89, -16640, g:     81,   -705,   -256
a:    148,    118, -16384, g:      8,   -794,   -512
a:    -23,    161, -16640, g:     29,   -635,   -512
a:    109,      2, -16640, g:     37,   -600,   -256
a:      6,     56, -16640, g:    112,   -700,   -512
a:    238,    116, -16640, g:    148,   -670,   -256
a:     68,     48, -16384, g:     93,   -598,   -512
a:     86,     74, -16384, g:     24,   -769,   -512
a:    138,    -24, -16384, g:     52,   -652,   -256
a:    317,    -12, -16640, g:     65,   -758,   -512
a:     41,     77, -16384, g:    -18,   -644,   -256
a:    -17,     65, -16384, g:    -44,   -635,   -256
a:    269,   -123, -16384, g:     51,   -717,   -256
a:    -54,    174, -16640, g:    -25,   -781,   -512
a:     18,     92, -16640, g:    -23,   -709,   -256
a:    -41,     17, -16128, g:    210,   -749,   -512
a:    -17,    153, -16384, g:    -19,   -664,   -512
a:     29,     84, -16384, g:      5,   -618,   -256
a:    158,     80, -16640, g:   -219,   -650,   -512
a:    145,    215, -16384, g:    -12,   -889,   -512
a:      3,    129, -16384, g:     51,   -719,   -256
a:    220,    -74, -16640, g:     86,   -745,   -512
a:    158,    164, -16640, g:     23,   -879,   -512
a:     82,     69, -16640, g:     64,   -648,   -256
a:   -305,    257, -16384, g:     64,   -747,   -512
a:    -57,    313, -16896, g:    112,   -581,   -512
a:   3721,    297, -14592, g:    -81,   -759,   -256
a:   -351,   -163, -16896, g:    -81,   -762,  -1024
a:   1042,    352, -16896, g:    318,   -501,  -1536
a:   -913,    615, -16384, g:    191,   -790,    768
a:  -2477,  -1249, -17408, g:    -35,   -516,      0
a:   -539,    113, -17408, g:    -36,   -637,   -512
a:  -1619,    223, -16640, g:     87,   -501,    256
a:   -390,    -84, -16384, g:    -17,   -997,      0
a:    -49,    270, -15872, g:    -11,   -812,   -256
a:     43,     29, -16640, g:   -256,   -619,   -256
a:     56,     92, -16640, g:     88,   -690,   -512
a:    199,    135, -16640, g:     21,   -692,   -256
a:      6,    110, -16384, g:   -179,   -714,   -512
a:   -241,    123, -16640, g:    150,   -699,   -512
a:     26,     73, -16640, g:    132,   -777,   -512
a:     85,    187, -16640, g:    105,   -589,   -512
a:    296,    200, -16640, g:     42,   -758,   -256
a:    168,     97, -16384, g:     56,   -724,   -512
a:    144,    178, -16384, g:     57,   -831,   -512
a:    228,    282, -16384, g:    104,   -703,   -256
a:    214,    142, -16640, g:     69,   -695,   -512
a:    241,     53, -16640, g:     32,   -672,   -512
a:     73,    135, -16640, g:     75,   -608,   -512
a:    265,     29, -16384, g:      7,   -743,   -256
a:    160,    -54, -16640, g:     16,   -638,   -512
a:    190,    155, -16384, g:      8,   -729,   -256
a:     21,    195, -16384, g:     47,   -713,   -512
a:     83,    171, -16640, g:    148,   -883,   -256
a:    359,     34, -16384, g:     28,   -733,   -256
a:    -64,    210, -16128, g:    -50,   -740,   -256
a:    316,      6, -16640, g:     42,   -686,   -256
a:   -190,   -105, -16640, g:     64,   -686,   -512
a:     70,     74, -16640, g:     45,   -691,   -256
a:    -26,    160, -16384, g:     22,   -944,   -512
a:   -162,     24, -16640, g:     96,   -793,   -512
a:    -39,     55, -16640, g:     18,   -654,   -512
a:     47,    221, -16640, g:    152,   -924,   -512
a:     94,    131, -16640, g:    184,   -627,   -256
a:    336,    -82, -16640, g:     90,   -805,   -512
a:    120,    190, -16384, g:     67,   -955,   -512
a:    -98,      4, -16640, g:     57,   -768,   -256
a:   -101,    203, -16384, g:    115,   -683,   -256
a:    134,    138, -16384, g:    134,   -531,   -256
a:    215,    156, -16384, g:     75,   -547,   -256
a:    311,     17, -16384, g:    243,   -706,   -512
a:    236,    118, -16384, g:      3,   -898,   -512
a:    251,    -51, -16640, g:     25,   -698,   -512
a:     77,    171, -16640, g:   -231,   -601,   -256
a:    290,     -4, -16384, g:     10,   -592,   -256
a:    189,     24, -16384, g:     23,   -732,   -256
a:    224,     10, -16384, g:    207,   -523,   -256
a:    107,    215, -16384, g:    -28,   -600,   -512
a:     86,   -130, -16384, g:    -55,   -733,   -256
a:     44,    152, -16640, g:    101,   -687,   -512
a:    158,      6, -16384, g:    130,   -545,   -256
a:     35,     63, -16384, g:      6,   -845,   -512
a:     -6,    250, -16640, g:    120,   -560,   -512
a:    503,     82, -16384, g:     67,   -686,   -256
a:    240,     84, -16640, g:     74,   -737,   -512
a:    -13,    153, -16128, g:    192,   -773,   -256
a:      5,    117, -16384, g:    151,   -686,   -256
a:    157,     95, -16384, g:    114,   -714,   -256
a:     17,     -3, -16384, g:    131,   -675,   -256
a:    170,    160, -16640, g:    142,   -711,   -256
a:     49,    199, -16384, g:     54,   -831,   -512
a:     59,    -27, -16384, g:    -12,   -756,   -512
a:     64,    126, -16384, g:     18,   -635,   -256
a:    178,    152, -16640, g:     36,   -730,   -256
a:    116,     54, -16640, g:     43,   -726,   -512
a:    205,    197, -16640, g:     48,   -710,   -512
a:    -28,    192, -16640, g:    -36,   -802,   -512
a:     69,    165, -16640, g:     32,   -711,   -256
a:    160,    200, -16128, g:     88,   -725,   -512
a:    234,    -42, -16640, g:    -34,   -791,   -512
a:    247,     61, -16640, g:     23,   -827,   -256
a:    102,      2, -16640, g:    120,   -672,   -256
a:    -36,     38, -16640, g:     40,   -890,   -256
a:    145,    142, -16384, g:    133,   -683,   -512
a:    -71,    113, -16384, g:     56,   -657,   -256
a:    183,    275, -16384, g:    114,   -898,   -512
a:     -6,     64, -16384, g:    111,   -723,   -256
a:   -113,    205, -16640, g:     96,   -642,   -512
a:     46,    -74, -16640, g:     99,   -643,   -512
a:   -212,    187, -16384, g:    101,   -749,   -512
a:    155,    217, -16384, g:     99,   -670,   -256
a:     48,    -22, -16384, g:     73,   -747,   -256
a:     16,    -30, -16384, g:     21,   -732,   -256
a:    137,    135, -16384, g:     13,   -723,   -512
a:   -100,     46, -16640, g:     16,   -552,   -256
a:    210,    174, -16640, g:    -66,   -771,   -256
a:     42,    256, -16384, g:     35,   -718,   -512
a:     14,    190, -16384, g:     82,   -693,   -256
a:     74,    244, -16640, g:     79,   -706,   -256
a:     17,     65, -16640, g:    -61,   -731,   -512
a:     97,    261, -16384, g:     47,   -606,   -256
a:     97,   -179, -16640, g:     96,   -663,   -512
a:    223,     93, -16384, g:     -8,   -786,   -256
a:    243,    281, -16384, g:     34,   -686,   -256
a:    154,    224, -16640, g:    124,   -718,   -256
a:   -102,    160, -16640, g:     91,   -673,   -256
a:    431,     43, -16384, g:    113,   -667,   -512
a:     55,    111, -16384, g:     67,   -797,   -256
a:    299,     21, -16384, g:    136,   -945,   -512
a:     56,    -14, -16384, g:     31,   -693,   -256
a:    -94,     84, -16384, g:     54,   -725,   -512
a:    245,      9, -16640, g:     31,   -753,   -512
a:    153,     12, -16640, g:     62,   -755,   -256
a:     45,    261, -16640, g:   -170,   -773,   -512
a:     82,    -38, -16384, g:     47,   -793,   -512
a:    157,     -5, -16640, g:     54,   -699,   -256
a:     87,    187, -16384, g:    -18,   -798,   -512
a:    186,    172, -16640, g:   -113,   -795,   -512
a:    229,    312, -16128, g:    -74,   -699,   -256
a:    235,    -11, -16640, g:     45,   -658,   -512
a:    173,    112, -16640, g:     83,   -592,   -512
a:    136,     28, -16640, g:    120,   -733,   -512
a:    135,     97, -16640, g:    -59,   -679,   -512
a:     65,    171, -16896, g:     25,   -695,   -256
a:    272,   -110, -16640, g:     48,   -737,   -512
a:    -11,    161, -16640, g:    177,   -732,   -256
a:    200,    -36, -16384, g:     79,   -653,   -512
a:    123,     41, -16384, g:     61,   -728,   -512
a:    118,    108, -16384, g:    184,   -905,   -256
a:    189,    214, -16384, g:    185,   -746,   -256
a:    -48,    126, -16640, g:    145,   -729,   -512
a:   -106,    -82, -16640, g:     85,   -672,   -256
a:     30,    144, -16640, g:     94,   -680,   -256
a:     28,     28, -16384, g:     44,   -821,   -512
a:    140,     76, -16384, g:     28,   -728,   -256
a:     21,    137, -16384, g:     48,   -643,   -256
a:    -12,    160, -16384, g:     62,   -642,   -256
a:    165,    143, -16640, g:    -41,  -1010,   -512
a:    -80,    134, -16384, g:    -18,   -687,   -256
a:     75,    115, -16640, g:    -14,   -736,   -256
a:    -31,    189, -16384, g:      2,   -708,   -256
a:     46,     52, -16640, g:     -2,   -725,   -256
a:    140,     82, -16384, g:      5,   -824,   -512
a:     25,     87, -16384, g:     16,   -793,   -256
a:    154,    202, -16640, g:     85,   -730,   -256
a:    123,     25, -16128, g:    147,   -791,   -512
a:    222,    126, -16640, g:    157,   -723,   -256
a:    163,     86, -16384, g:    117,   -674,   -256
a:     60,     78, -16384, g:     68,   -682,   -256
a:   -128,    140, -16384, g:     70,   -657,   -512
a:    -36,    264, -16640, g:     62,   -846,   -256
a:     36,    158, -16640, g:    120,   -722,   -512
a:     55,    -47, -16384, g:     95,   -707,   -256
a:    139,   -143, -16640, g:    -16,   -738,   -256
a:    222,    106, -16640, g:    108,   -765,   -512
a:    254,    234, -16384, g:     57,   -795,   -512
a:    181,     81, -16896, g:    -29,   -675,   -256
a:    -26,    100, -16640, g:   -166,   -737,   -512
a:    186,     94, -16384, g:    -23,   -658,   -512
a:    147,     91, -16384, g:    -27,   -780,   -512
a:     26,    108, -16384, g:    -13,   -805,   -256
a:     57,     93, -16384, g:    -45,   -736,   -256
a:     43,    145, -16128, g:     77,   -780,   -512
a:     25,      1, -16384, g:    -67,   -717,   -512
a:     26,    -18, -16384, g:    -48,   -632,   -256
a:     91,    -36, -16640, g:     63,   -700,   -256
a:     -2,      0, -16640, g:    137,   -728,   -512
a:    180,    156, -16640, g:    129,   -716,   -512
a:    149,    133, -16640, g:     96,   -570,   -256
a:    164,    112, -16384, g:    150,   -801,   -256
a:     -6,     14, -16384, g:     96,   -711,   -512
a:     80,    166, -16640, g:    113,   -756,   -256
a:    -38,     34, -16640, g:     44,   -785,   -512
a:    -33,     -3, -16640, g:     82,   -628,   -256
a:    186,     40, -16384, g:     90,   -741,   -256
a:    190,    -42, -16384, g:     14,   -674,   -512
a:      4,     98, -16640, g:    -88,   -717,   -256
a:     -4,    214, -16640, g:    -73,   -704,   -256
a:     44,      8, -16640, g:    153,   -646,   -256
a:    -11,     47, -16640, g:    114,   -690,   -256
a:    102,     78, -16640, g:     83,   -774,   -256
a:    261,     37, -16896, g:    -50,   -715,   -512
a:    214,    -44, -16640, g:    -64,   -676,   -512
a:    298,    224, -16640, g:     25,   -750,   -512
a:     15,     39, -16384, g:     66,   -726,   -512
a:   -224,    108, -16640, g:    184,   -709,   -256
a:     74,     62, -16384, g:    128,   -758,   -512
a:    163,     -3, -16640, g:     61,   -637,   -256
a:   -162,    172, -16640, g:    154,   -613,   -256
a:     38,    144, -16640, g:    255,   -800,   -512
a:    247,    139, -16640, g:     58,   -715,   -512
a:     81,    227, -16640, g:     45,   -632,   -256
a:     70,     94, -16640, g:     77,   -761,   -512
a:    121,     83, -16384, g:     80,   -672,   -256
a:     61,    212, -16640, g:     74,   -647,   -256
a:    123,     53, -16384, g:   -197,   -647,   -512
a:    248,      8, -16384, g:     13,   -674,   -256
a:    212,    102, -16384, g:     13,   -708,   -256
a:     90,     90, -16640, g:   -135,   -624,   -256
a:    187,    147, -16640, g:     19,   -884,   -512
a:    295,     64, -16384, g:     64,   -769,   -256
a:     -3,     17, -16640, g:   -232,   -718,   -512
a:    -62,    -92, -16640, g:     46,   -833,   -256
a:     56,     79, -16640, g:     27,   -733,   -512
a:    173,    113, -16384, g:     29,   -711,   -256
a:     77,    203, -16384, g:     58,   -662,   -256
a:    -52,    149, -16384, g:     99,   -696,   -512
a:    -29,    101, -16640, g:     36,   -708,   -256
a:    173,    175, -16384, g:    178,   -703,   -256
a:    229,     60, -16384, g:    102,   -642,   -256
a:    174,     12, -16384, g:     94,   -774,   -512
a:    120,    116, -16384, g:    199,   -814,   -256
a:     31,    123, -16384, g:    132,   -710,   -512
a:    -49,    155, -16384, g:    102,   -772,   -512
a:    161,    129, -16640, g:    132,   -670,   -512
a:    325,     19, -16384, g:    248,   -696,   -512
a:    370,     84, -16384, g:     26,   -875,   -512
a:     33,     70, -16384, g:    -19,   -766,   -512
a:     49,    129, -16640, g:   -194,   -728,   -512
a:    220,    150, -16384, g:     22,   -651,   -512
a:    103,     38, -16640, g:     26,   -614,   -256
a:    -42,    238, -16384, g:     47,   -740,   -512
a:    126,     32, -16640, g:      3,   -962,   -512
a:    -67,    101, -16640, g:    -44,   -804,   -512
a:     98,    -34, -16384, g:     15,   -700,   -512
a:     75,    -59, -16640, g:    102,   -674,   -512
a:     97,    -62, -16384, g:     37,   -642,   -512
a:    105,     17, -16640, g:     52,   -664,   -512
a:    183,     11, -16384, g:     65,   -645,   -256
a:     67,     23, -16384, g:     44,   -626,   -512
a:    -15,     71, -16640, g:     45,   -824,   -512
a:   -105,     23, -16384, g:     83,   -700,   -256
a:     10,     81, -16384, g:    165,   -796,   -512
a:    173,    -13, -16640, g:     84,   -670,   -512
a:    -63,    -75, -16640, g:    157,   -692,   -256
a:    223,    225, -16640, g:    160,   -788,   -512
a:     -4,     72, -16384, g:    108,   -561,   -256
a:    290,     80, -16384, g:     44,   -681,   -256
a:    150,     94, -16640, g:     18,   -557,   -256
a:    267,      3, -16640, g:     85,   -794,   -256
a:    250,    156, -16640, g:    117,   -828,   -256
a:    190,    246, -16128, g:     16,   -667,   -256
a:     67,    -39, -16640, g:    -42,   -636,   -256
a:      7,      9, -16640, g:    -38,   -703,   -256
a:    194,     88, -16640, g:    102,   -756,   -256
a:     68,    -64, -16640, g:    -17,   -740,   -512
a:   -119,    117, -16640, g:    -26,   -700,   -256
a:     70,      4, -16384, g:     11,   -777,   -256
a:     35,     31, -16384, g:     89,   -708,   -512
a:    -44,     60, -16384, g:     69,   -777,   -256
a:    -55,    219, -16384, g:     71,   -696,   -512
a:   -122,     70, -16640, g:    113,   -687,   -512
a:    163,    -14, -16640, g:    160,   -718,   -256
a:    -27,    127, -16384, g:     11,   -824,   -512
a:    242,    120, -16384, g:     99,   -762,   -256
a:    -60,    271, -16384, g:     89,   -694,   -512
a:    153,    -51, -16640, g:     93,   -779,   -512
a:    195,    243, -16384, g:    107,   -733,   -256
a:     32,     88, -16384, g:     19,   -636,   -256
a:    -68,    128, -16640, g:     48,   -725,   -256
a:    153,    149, -16640, g:    137,   -728,   -256
a:    229,     -9, -16384, g:     85,   -705,   -256
a:    -18,     68, -16384, g:    241,   -733,   -256
a:    -18,    114, -16384, g:     -6,   -704,   -256
a:     88,    176, -16384, g:     -8,   -712,   -512
a:    137,     33, -16384, g:     20,   -780,   -512
a:    200,    220, -16384, g:     57,   -739,   -256
a:    109,     58, -16384, g:     60,   -600,   -256
a:     98,    156, -16640, g:    -14,   -809,   -512
a:     64,    156, -16128, g:     47,   -742,   -256
a:    142,    119, -16640, g:     52,   -629,   -256
a:    143,     -3, -16384, g:     51,   -818,   -256
a:    348,     14, -16384, g:     40,   -748,   -512
a:   -220,    204, -16640, g:    130,   -583,   -512
a:    137,     63, -16640, g:    160,   -801,   -512
a:    235,    129, -16384, g:     60,   -673,   -512
a:    154,    105, -16384, g:    116,   -725,   -512
a:    264,     64, -16640, g:    118,   -871,   -512
a:     74,    260, -16384, g:     59,   -748,   -256
a:     87,     28, -16640, g:     19,   -733,   -256
a:    169,     65, -16640, g:   -159,   -702,   -512
a:    184,    -26, -16384, g:     33,   -794,   -256
a:    161,    209, -16384, g:      4,   -730,   -512
a:     30,     70, -16384, g:   -191,   -742,   -256
a:    126,     -8, -16640, g:    -23,   -943,   -512
a:   -100,     63, -16384, g:     31,   -731,   -256
a:    134,    130, -16384, g:   -251,   -680,   -256
a:     15,     79, -16384, g:     -7,   -595,   -256
a:     55,     37, -16384, g:    126,   -820,   -256
a:    166,    136, -16640, g:    -62,   -695,   -512
a:   -138,    176, -16384, g:     33,   -672,   -512
a:    217,     88, -16384, g:     -8,   -744,   -512
a:     35,      1, -16384, g:     81,   -726,   -256
a:    137,    183, -16384, g:    133,   -704,   -256
a:      5,    104, -16640, g:    103,   -800,   -256
a:    264,     60, -16384, g:    118,   -734,   -512
a:    132,     38, -16384, g:    102,   -678,   -256
a:     -4,     57, -16384, g:    150,   -802,   -512
a:     85,     39, -16384, g:     -5,   -682,   -512
a:      7,    179, -16640, g:      8,   -698,   -256
a:     95,    423, -16640, g:     77,   -885,   -256
a:    133,     23, -16384, g:     96,   -588,   -512
a:    -95,     93, -16640, g:     68,   -667,   -256
a:    143,   -161, -16640, g:     89,   -744,   -256
a:    -83,    -63, -16384, g:    -50,   -692,   -512
a:    146,     98, -16640, g:    -95,   -598,   -256
a:    104,    212, -16384, g:    -14,   -785,   -256
a:    238,     92, -16384, g:     -1,   -709,   -256
a:     78,     51, -16384, g:     97,   -767,   -256
a:    284,    206, -16640, g:    177,   -789,   -512
a:     18,    154, -16384, g:     29,   -752,   -512
a:    110,    113, -16640, g:     95,   -753,   -512
a:   -139,    111, -16640, g:     67,   -633,   -512
a:    184,     92, -16128, g:    144,   -861,   -256
a:     21,    -75, -16384, g:     89,   -764,   -256
a:     81,    197, -16384, g:    207,   -778,   -512
a:    104,    -14, -16128, g:     35,   -765,   -256
a:     91,     62, -16640, g:     31,   -623,   -256
a:    307,     11, -16640, g:     92,   -636,   -256
a:     17,     -1, -16640, g:    100,   -694,   -256
a:    -22,     46, -16384, g:    118,   -777,   -256
a:    109,     95, -16640, g:     90,   -632,   -256
a:    -71,      5, -16640, g:     35,   -652,   -512
a:    -64,     82, -16384, g:     59,   -812,   -256
a:     44,    130, -16384, g:    -19,   -723,   -256
a:    352,    -34, -16640, g:    -21,   -630,   -512
a:    211,    197, -16640, g:    -50,   -688,   -512
a:    245,    -59, -16640, g:      9,   -830,   -512
a:    169,    221, -16128, g:    -16,   -788,   -256
a:    264,   -172, -16640, g:     13,   -827,   -512
a:    224,     52, -16640, g:     90,   -690,   -512
a:    -24,    144, -16640, g:     45,   -757,   -256
a:     71,     19, -16640, g:      4,   -748,   -256
a:   -188,     70, -16384, g:    156,   -724,   -512
a:    308,    192, -16384, g:    121,   -683,   -256
a:     20,    206, -16640, g:     68,   -760,   -512
a:   -151,    237, -16384, g:    140,   -699,   -512
a:    -99,     92, -16640, g:     83,   -804,   -256
a:    317,     23, -16640, g:     76,   -675,   -512
a:     42,     62, -16640, g:     82,   -771,   -256
a:     16,     47, -16640, g:     15,   -711,   -512
a:    156,    -60, -16640, g:    113,   -714,   -512
a:    271,     95, -16384, g:    168,   -733,   -256
a:     37,    171, -16640, g:     65,   -730,   -512
a:    -92,    108, -16384, g:     48,   -887,   -512
a:    439,     27, -16640, g:     75,   -730,   -512
a:    -20,    426, -16384, g:    -14,   -681,   -256
a:     12,     84, -16640, g:     61,   -928,   -512
a:    -43,     66, -16640, g:     10,   -803,   -512
a:    -21,    107, -16384, g:    -17,   -595,   -512
a:   -109,     61, -16640, g:     -7,   -722,   -512
a:    123,     16, -16640, g:     85,   -676,   -256
a:    105,     23, -16384, g:    234,   -667,   -512
a:   -104,     70, -16384, g:     76,   -649,   -256
a:     90,    165, -16384, g:    106,   -683,   -256
a:    161,     57, -16640, g:     90,   -603,   -256
a:     15,    111, -16384, g:    145,   -901,   -256
a:   -219,    191, -16384, g:    155,   -733,   -256
a:    -25,    135, -16640, g:     49,   -699,   -512
a:   -138,    142, -16384, g:    157,   -686,   -256
a:     62,     84, -16640, g:    117,   -676,   -256
a:     26,     96, -16640, g:     75,   -697,   -512
a:    -67,    127, -16640, g:    -27,   -669,   -256
a:      6,    194, -16640, g:    -94,   -727,   -512
a:     58,     66, -16384, g:    102,   -631,   -256
a:    282,     19, -16384, g:     48,   -701,   -256
a:    108,    114, -16896, g:     -4,   -713,   -256
a:    109,    -83, -16384, g:    -48,   -610,   -256
a:    118,    -97, -16640, g:     40,   -742,   -256
a:    -96,    104, -16640, g:    -27,   -729,   -512
a:    156,    -84, -16640, g:     19,   -664,   -512
a:    112,      3, -16128, g:    -18,   -711,   -256
a:    286,     28, -16640, g:   -165,   -703,   -512
a:    118,    250, -16640, g:    -18,   -598,   -512
a:    155,   -125, -16384, g:    -11,   -745,   -256
a:     74,     98, -16640, g:      4,   -765,   -512
a:     65,    119, -16640, g:    165,   -769,   -512
a:     26,    250, -16384, g:    124,   -585,   -512
a:    410,     42, -16384, g:    153,   -818,   -512
a:    255,   -125, -16640, g:    132,   -774,   -256
a:    409,     33, -16640, g:     70,   -746,   -512
a:    -18,    196, -16384, g:    113,   -901,   -512
a:     74,    155, -16640, g:     86,   -710,   -256
a:    -47,    225, -16640, g:     -1,   -757,   -512
a:     35,    101, -16384, g:     95,   -525,   -256
a:    149,    117, -16384, g:     19,   -546,   -256
a:    209,    -25, -16640, g:    107,   -791,   -512
a:    139,     23, -16384, g:     20,   -698,   -256
a:    -55,     -1, -16640, g:    -47,   -737,   -256
a:    127,     47, -16640, g:     37,   -698,   -256
a:   -178,     74, -16640, g:     20,   -598,   -256
a:    -35,     79, -16640, g:     71,   -746,   -256
a:   -161,    137, -16640, g:   -129,   -672,   -256
a:    116,    179, -16384, g:     35,   -738,   -256
a:     41,     27, -16384, g:    199,   -767,   -512
a:    129,     -3, -16896, g:     87,   -731,   -512
a:   -148,    -73, -16640, g:     48,   -647,   -512
a:    209,     31, -16640, g:   -174,   -667,   -512
a:    231,     69, -16640, g:    103,   -593,   -512
a:     37,     45, -16640, g:    114,   -636,   -512
a:     -5,     53, -16640, g:     84,   -672,   -512
a:    149,     -5, -16640, g:     90,   -689,   -256
a:   -209,    265, -16384, g:     74,   -718,   -512
a:    -22,    108, -16384, g:    128,   -712,   -256
a:     12,    186, -16640, g:    138,   -755,   -256
a:    253,     35, -16640, g:     84,   -692,   -512
a:    143,    151, -16640, g:    208,   -739,   -256
a:    308,    118, -16384, g:    -10,   -516,   -512
a:    128,     70, -16640, g:     -7,   -616,   -256
a:     38,    190, -16384, g:     75,   -739,   -256
a:    183,    -53, -16384, g:     21,   -684,   -512
a:     53,     19, -16384, g:     49,   -710,   -256
a:    114,     60, -16384, g:    -52,   -698,   -256
a:    -96,     14, -16640, g:     -2,   -624,   -256
a:    284,     98, -16384, g:     -7,   -838,   -512
a:     97,    -63, -16384, g:     40,   -712,   -512
a:    205,     -3, -16384, g:    112,   -680,   -256
a:     50,     56, -16640, g:    141,   -736,   -512
a:   -100,    272, -16384, g:     31,   -704,   -512
a:     27,    -36, -16384, g:    106,   -702,   -256
a:    101,    137, -16384, g:    109,   -689,   -512
a:    358,    108, -16384, g:    109,   -836,   -256
a:    265,     85, -16384, g:    116,   -719,   -256
a:    158,     26, -16640, g:    120,   -708,   -512
a:     44,    242, -16384, g:    111,   -730,   -256
a:     29,    166, -16640, g:    101,   -689,   -512
a:   -106,     52, -16640, g:   -141,   -755,   -512
a:    126,    -98, -16384, g:     47,   -683,   -256
a:     50,     77, -16640, g:     53,   -669,   -512
a:     70,    134, -16384, g:     58,   -714,   -512
a:    263,    265, -16384, g:     -1,   -691,   -256
a:    266,    -70, -16384, g:    -40,   -714,   -256
a:    272,     22, -16384, g:    -15,   -708,   -512
a:    106,    -60, -16640, g:    -17,   -687,   -256
a:    100,     74, -16384, g:   -215,   -732,   -512
a:     34,    192, -16384, g:     60,   -831,   -256
a:    -96,    277, -16640, g:    108,   -855,   -512
a:     43,     91, -16384, g:     22,   -696,   -512
a:      4,     94, -16640, g:    136,   -740,   -512
a:     47,    246, -16640, g:     69,   -747,   -256
a:    325,     91, -16384, g:     46,   -680,   -512
a:    127,    213, -16384, g:    105,   -513,   -512
a:    213,    200, -16384, g:    150,   -604,   -256
a:    -35,    237, -16128, g:     32,   -772,   -512
a:    272,    108, -16384, g:     39,   -880,   -512
a:    -15,    152, -16640, g:     93,   -784,   -256
a:     84,     76, -16384, g:    140,   -751,   -512
a:    197,    141, -16384, g:     71,   -666,   -512
a:    199,    159, -16384, g:     77,   -696,   -256
a:    175,    -31, -16384, g:    117,   -639,   -512
a:   -116,    148, -16640, g:    106,   -700,   -512
a:    -55,    111, -16384, g:     26,   -628,   -256
a:     42,    124, -16384, g:     34,   -753,   -512
a:    126,    112, -16384, g:    -14,   -672,   -256
a:    341,     81, -16384, g:    195,   -781,   -512
a:     59,     73, -16640, g:     18,   -956,   -512
a:    113,    -11, -16384, g:     31,   -744,   -256
a:     73,     15, -16384, g:    221,   -766,   -512
a:    363,    107, -16640, g:    -22,   -971,   -512
a:    419,     15, -16384, g:    108,   -850,   -256
a:    301,   -223, -16640, g:     23,   -600,   -512
a:    -97,    225, -16384, g:    103,   -879,   -256
a:     84,    -69, -16640, g:    130,   -761,   -256
a:     -9,    111, -16384, g:     23,   -627,   -256
a:    108,    -72, -16384, g:     89,   -848,   -256
a:   -120,     41, -16384, g:    135,   -879,   -256
a:    143,     89, -16640, g:     26,   -624,   -256
a:     72,     46, -16640, g:    108,   -646,   -256
a:    149,     17, -16640, g:     10,   -637,   -256
a:    103,     77, -16384, g:   -162,   -731,   -512
a:     40,    -26, -16384, g:     94,   -786,   -256
a:    136,    126, -16640, g:    -36,   -642,   -512
a:    -64,    218, -16384, g:     -2,   -782,   -512
a:     86,     18, -16384, g:    -23,   -766,   -256
a:    181,    145, -16384, g:      4,   -654,   -256
a:    -15,     39, -16640, g:     30,   -701,   -256
a:     84,     82, -16640, g:     31,   -690,   -512
a:     26,    254, -16640, g:     41,   -781,   -512
a:    207,    117, -16640, g:     20,   -727,   -512
a:    187,     47, -16640, g:     32,   -741,   -256
a:     89,     31, -16384, g:     52,   -667,   -512
a:    262,     62, -16640, g:     24,   -769,   -512
a:      7,    -23, -16640, g:     80,   -672,   -256
a:     82,     29, -16384, g:     66,   -741,   -256
a:     84,     92, -16384, g:    118,   -637,   -256
a:    119,    -35, -16640, g:     85,   -685,   -256
a:     -7,    115, -16640, g:     89,   -558,   -512
a:   -121,    115, -16640, g:     42,   -836,   -256
a:    244,    -51, -16640, g:    115,   -726,   -256
a:    376,    148, -16896, g:     44,   -651,   -512
a:   -110,     90, -16384, g:     81,   -710,   -512
a:    260,     43, -16384, g:    -23,   -631,   -512
a:    139,     99, -16384, g:    112,   -761,   -512
a:    168,     14, -16640, g:     60,   -615,   -256
a:     24,    158, -16384, g:      8,   -703,   -256
a:    142,    106, -16384, g:     21,   -730,   -512
a:    135,    119, -16640, g:    -46,   -713,   -512
a:    231,    101, -16384, g:   -131,   -590,   -256
a:    320,    -36, -16640, g:   -164,   -666,   -512
a:     80,    -48, -16384, g:     86,   -638,   -512
a:     40,    231, -16640, g:     97,   -650,   -256
a:    -83,    169, -16640, g:     52,   -821,   -512
a:    163,     63, -16384, g:     14,   -726,   -256
a:    134,    151, -16384, g:      4,   -607,   -512
a:    105,     71, -16640, g:    151,   -746,   -256
a:      5,    123, -16640, g:     94,   -696,   -512
a:     93,     80, -16384, g:     56,   -585,   -512
a:    243,     79, -16640, g:    195,   -809,   -512
a:     44,     94, -16640, g:     95,   -733,   -512
a:    194,     59, -16640, g:    114,   -692,   -512
a:    136,     60, -16384, g:     20,   -705,   -512
a:      6,     56, -16384, g:     92,   -687,   -256
a:     13,    117, -16384, g:     -3,   -646,   -512
a:     69,    235, -16384, g:    155,   -739,   -512
a:    -24,     68, -16640, g:     30,   -626,   -512
a:    -94,     75, -16384, g:     61,   -686,   -256
a:     95,      3, -16640, g:     54,   -795,   -256
a:    159,    -33, -16384, g:    126,   -744,   -512
a:    -58,    166, -16640, g:     47,   -651,   -256
a:    -48,    150, -16640, g:     -6,   -827,   -512
a:    228,    175, -16640, g:    126,   -740,   -512
a:    255,    237, -16640, g:    187,   -752,   -512
a:    -36,     76, -16384, g:     65,   -732,   -512
a:    159,    125, -16640, g:     74,   -761,   -256
a:    149,    -55, -16640, g:      3,   -688,   -512
a:    240,    -10, -16384, g:     95,   -733,   -256
a:    252,    -48, -16640, g:    108,   -732,   -512
a:     50,    144, -16640, g:     77,   -628,   -512
a:    161,     37, -16640, g:    142,   -930,   -256
a:     40,     67, -16640, g:    177,   -776,   -512
a:     22,     58, -16640, g:    110,   -654,   -256
a:     86,    -40, -16384, g:     66,   -704,   -256
a:    221,     69, -16640, g:     14,   -740,   -256
a:     74,    -20, -16640, g:     91,   -627,   -512
a:    -68,     54, -16384, g:     58,   -619,   -256
a:     70,    163, -16384, g:     22,   -675,   -512
a:    187,    -63, -16640, g:     70,   -762,   -512
a:     48,    138, -16384, g:     17,   -765,   -256
a:    181,    198, -16640, g:     19,   -725,   -512
a:    210,    -12, -16640, g:      0,   -773,   -512
a:     83,    154, -16384, g:     54,   -649,   -256
a:     99,    147, -16640, g:     49,   -695,   -256
a:    -87,     85, -16640, g:     99,   -757,   -256
a:     30,    201, -16384, g:    118,   -723,   -256
a:    327,     85, -16896, g:     26,   -666,   -512
a:     81,    145, -16384, g:    -11,   -917,   -256
a:    110,    -32, -16384, g:     89,   -726,   -512
a:    126,     32, -16384, g:      6,   -816,   -256
a:    -61,      9, -16640, g:    132,   -739,   -256
a:    101,     79, -16640, g:    104,   -689,   -256
a:    162,    198, -16384, g:    165,   -682,   -256
a:    287,    115, -16384, g:    102,   -901,   -512
a:    182,    211, -16640, g:    106,   -757,   -256
a:    122,     24, -16384, g:     56,   -685,   -512
a:     12,    150, -16384, g:     55,   -693,   -256
a:    182,    -86, -16384, g:     17,   -710,   -256
a:    -52,    136, -16640, g:     92,   -830,   -512
a:   -113,     69, -16896, g:     24,   -706,   -512
a:    160,     47, -16384, g:     -7,   -662,   -512
a:    154,    118, -16640, g:    -41,   -826,   -512
a:    245,    149, -16384, g:      8,   -720,   -512
a:    302,    250, -16640, g:    -23,   -745,   -256
a:    -15,    129, -16640, g:     32,   -778,   -512
a:    141,    -11, -16640, g:     42,   -595,   -512
a:    136,    116, -16640, g:     61,   -717,   -256
a:    114,    -60, -16640, g:     93,   -688,   -512
a:    -18,    132, -16640, g:     50,   -614,   -256
a:     63,    101, -16640, g:     35,   -759,   -512
a:    -73,    117, -16640, g:    128,   -974,   -512
a:    119,    108, -16384, g:    124,   -773,   -256
a:    166,     12, -16640, g:     65,   -631,   -512
a:    130,     92, -16640, g:    100,   -676,   -512
a:    107,    190, -16384, g:     63,   -705,   -256
a:    140,   -220, -16640, g:    140,   -758,   -256
a:    191,    145, -16640, g:    144,   -955,   -512
a:    -29,    -45, -16640, g:    126,   -752,   -256
a:    140,     66, -16384, g:     35,   -707,   -512
a:    221,    243, -16640, g:     65,   -946,   -512
a:     48,    240, -16640, g:    168,   -767,   -256
a:     23,     23, -16640, g:    251,   -761,   -512
a:    108,    102, -16640, g:     50,   -895,   -512
a:    -61,    -45, -16640, g:     13,   -663,   -256
a:     19,     95, -16384, g:   -247,   -785,   -256
a:    -58,    112, -16384, g:     27,   -589,   -256
a:    189,     97, -16384, g:     11,   -685,   -256
a:    220,   -116, -16640, g:    199,   -809,   -512
a:    -40,     86, -16384, g:     43,   -707,   -512
a:    -54,    171, -16384, g:    103,   -737,   -256
a:    312,      0, -16640, g:     33,   -773,   -512
a:   -187,     37, -16384, g:     34,   -681,   -512
a:   -123,     30, -16384, g:     86,   -647,   -256
a:     78,     36, -16640, g:     99,   -640,   -512
a:    226,     12, -16384, g:    165,   -700,   -256
a:     60,     94, -16384, g:     84,   -709,   -256
a:     54,    130, -16640, g:     45,   -801,   -512
a:    119,    -69, -16640, g:    143,   -744,   -256
a:   -231,     -5, -16384, g:     47,   -655,   -512
a:    -83,     57, -16384, g:     85,   -698,   -256
a:     88,      4, -16640, g:     86,   -793,   -256
a:    -82,     81, -16384, g:     34,   -678,   -512
a:    125,     75, -16384, g:     -5,   -718,   -256
a:    110,     40, -16384, g:    -56,   -680,   -256
a:     11,    -33, -16640, g:     74,   -611,   -256
a:    -52,     76, -16384, g:    208,   -762,   -256
a:    239,    167, -16640, g:     81,   -730,   -512
a:    140,     14, -16640, g:    147,   -713,   -512
a:    121,     63, -16640, g:    -44,   -709,   -512
a:    178,     44, -16640, g:    -13,   -649,   -256
a:     97,     65, -16384, g:     15,   -787,   -512
a:    197,     27, -16384, g:     45,   -701,   -256
a:     -4,    152, -16640, g:    -26,   -671,      0
a:    -53,      5, -16384, g:    108,   -762,   -512
a:     70,     10, -16640, g:    146,   -938,   -512
a:    205,    -30, -16640, g:    142,   -644,   -256
a:   -125,     97, -16384, g:     71,   -747,   -256
a:    -28,     58, -16384, g:    189,   -630,   -256
a:    143,    128, -16640, g:     89,   -666,   -256
a:    345,     69, -16640, g:     97,   -783,   -512
a:    188,    -20, -16384, g:      8,   -634,   -256
a:    217,     69, -16640, g:     19,   -687,   -256
a:     36,     -2, -16384, g:     28,   -686,   -512
a:     36,     92, -16384, g:      5,   -624,   -256
a:    169,    103, -16384, g:    -44,   -712,   -512
a:    232,    152, -16128, g:    -16,   -818,   -512
a:     88,    -42, -16384, g:     85,   -789,   -256
a:     50,    228, -16640, g:     24,   -675,   -512
a:    237,    -47, -16640, g:      1,   -709,   -256
a:     32,    -35, -16640, g:     20,   -759,   -256
a:    175,    127, -16384, g:     49,   -789,   -256
a:     70,    184, -16640, g:     71,   -720,   -256
a:    221,    -74, -16384, g:    106,   -684,   -256
a:     18,    126, -16384, g:     81,   -720,   -256
a:    166,     72, -16384, g:    121,   -866,   -256
a:    124,     60, -16384, g:    164,   -854,   -256
a:     74,     90, -16384, g:    117,   -593,   -512
a:   -117,     81, -16384, g:    155,   -911,   -512
a:     24,    246, -16640, g:    124,   -724,   -256
a:     86,     68, -16384, g:   -146,   -692,   -512
a:    -40,     86, -16640, g:    158,   -637,   -512
a:    291,    231, -16640, g:     36,   -786,   -256
a:     -1,     79, -16640, g:     78,   -683,   -512
a:    351,     59, -16384, g:     16,   -590,   -256
a:     10,     66, -16384, g:     -5,   -742,   -256
a:    132,     32, -16384, g:     53,   -719,   -512
a:    270,      0, -16640, g:     49,   -587,   -256
a:    135,    147, -16640, g:    139,   -760,   -512
a:    207,     41, -16640, g:    -16,   -733,   -512
a:     70,    110, -16640, g:    -44,   -638,   -256
a:    -15,    197, -16640, g:      8,   -770,   -512
a:     -8,     76, -16384, g:     28,   -906,   -256
a:    199,    -54, -16384, g:    127,   -783,   -256
a:    295,     49, -16640, g:    247,   -697,   -512
a:     37,    127, -16128, g:    100,   -959,   -256
a:    193,     68, -16640, g:    111,   -698,   -256
a:    119,     -5, -16384, g:     72,   -696,   -512
a:    124,      2, -16384, g:     51,   -788,   -256
a:    168,    248, -16128, g:    110,   -788,   -256
a:     76,     62, -16384, g:     53,   -711,   -256
a:    289,     67, -16384, g:    107,   -708,   -256
a:     24,    201, -16640, g:    146,   -727,   -512
a:    154,     70, -16384, g:     51,   -786,   -256
a:     51,    -71, -16640, g:     64,   -726,   -256
a:   -165,     74, -16384, g:     65,   -750,   -256
a:     50,     96, -16384, g:    252,   -613,   -512
a:    119,     51, -16384, g:     11,   -544,   -256
a:   -124,    130, -16384, g:     84,   -737,   -256
a:    129,     89, -16640, g:    -48,   -767,   -512
a:     72,     70, -16640, g:     10,   -765,   -256
a:    102,   -208, -16640, g:    -13,   -737,   -512
a:    255,    -11, -16640, g:     -4,   -882,   -512
a:     17,     82, -16384, g:     -5,   -765,   -256
a:     84,    214, -16640, g:     16,   -646,   -512
a:    189,     -7, -16640, g:     68,   -733,   -256
a:     14,    -62, -16384, g:    103,   -741,   -256
a:    274,     52, -16640, g:     15,   -651,   -256
a:    212,    -46, -16896, g:    151,  -1007,   -512
a:    220,    267, -16384, g:     20,   -679,   -256
a:    180,     48, -16384, g:     99,   -710,   -512
a:    113,     49, -16640, g:    143,   -710,   -512
a:    -50,    149, -16384, g:    201,   -781,   -256
a:    122,     46, -16640, g:     51,   -705,   -512
a:    197,     -9, -16640, g:     43,   -737,   -256
a:    163,     69, -16384, g:     -9,   -638,   -256
a:    257,     47, -16384, g:    113,   -772,   -512
a:    -10,    -54, -16640, g:     74,   -663,   -512
a:    -74,    301, -16384, g:     95,   -807,   -512
a:     26,     46, -16384, g:    232,   -651,   -512
a:    274,    128, -16640, g:     43,   -708,   -512
a:    138,    165, -16384, g:     11,   -739,   -256
a:     95,    149, -16128, g:      0,   -705,   -512
a:    -46,    146, -16384, g:    100,   -637,   -256
a:     40,    242, -16384, g:    124,   -756,   -512
a:    165,    137, -16640, g:     33,   -768,   -512
a:   -213,    236, -16640, g:     42,   -704,   -256
a:     84,    116, -16640, g:     50,   -696,   -256
a:    329,     31, -16384, g:    125,   -733,   -512
a:    155,     80, -16384, g:     64,   -694,   -256
a:    162,    170, -16384, g:     34,   -727,   -512
a:   -136,     72, -16384, g:    125,   -698,   -256
a:   -164,    146, -16384, g:     72,   -660,   -256
a:    112,    -24, -16384, g:     55,   -789,   -512
a:    -76,     38, -16384, g:    -17,   -896,   -256
a:    -34,     99, -16128, g:     72,   -785,   -256
a:   -191,    201, -16640, g:     18,   -680,   -512
a:    103,    149, -16640, g:     18,   -670,   -512
a:    -28,     32, -16640, g:      7,   -676,   -512
a:    159,     -3, -16640, g:     52,   -715,   -256
a:    191,    271, -16128, g:     55,   -698,   -256
a:    -32,    188, -16384, g:     25,   -759,   -256
a:    -91,    101, -16640, g:     -6,   -690,   -256
a:    287,     69, -16128, g:    119,   -713,   -512
a:    -66,   -256, -16384, g:    146,   -759,   -256
a:    182,     86, -16384, g:    -52,   -669,   -256
a:      8,    107, -16384, g:     28,   -722,   -512
a:     30,    200, -16384, g:    233,   -705,   -256
a:   -220,     64, -16384, g:     84,   -698,   -256
a:      9,     63, -16384, g:    147,   -634,   -256
a:     94,    136, -16384, g:     39,   -732,   -512
a:    190,      0, -16384, g:     70,   -730,   -256
a:    241,    132, -16384, g:     66,   -693,   -256
a:     17,    199, -16640, g:     53,   -678,   -512
a:    257,     87, -16384, g:    101,   -902,   -256
a:   -159,      5, -16384, g:    108,   -803,   -256
a:    121,    225, -16384, g:     23,   -699,   -256
a:   -127,    -47, -16640, g:    104,   -694,   -512
a:    203,    162, -16640, g:     55,   -717,   -256
a:     16,    100, -16384, g:   -180,   -690,   -512
a:    118,    294, -16640, g:     43,   -688,   -256
a:     29,     42, -16384, g:    -79,   -687,   -256
a:   -100,    180, -16384, g:     87,   -830,   -512
a:    -27,     32, -16640, g:     26,   -628,   -256
a:     50,    136, -16640, g:     99,   -727,   -512
a:    233,    187, -16640, g:     12,   -672,   -512
a:     81,     33, -16640, g:     74,   -629,   -256
a:    313,     83, -16640, g:    103,   -720,   -256
a:   -160,    130, -16640, g:    103,   -704,   -256
a:    156,    -22, -16384, g:     62,   -715,   -256
a:     -2,    186, -16384, g:     41,   -800,   -256
a:    156,     58, -16384, g:    154,   -725,   -256
a:    -44,     77, -16384, g:     86,   -674,   -256
a:    265,    173, -16384, g:     34,   -741,   -512
a:    -50,    130, -16384, g:    109,   -627,   -256
a:    142,    121, -16640, g:    136,   -769,   -256
a:    270,    108, -16640, g:    -76,   -676,   -256
a:   -109,     85, -16640, g:     91,   -683,   -512
a:    -13,     44, -16384, g:    126,   -712,   -256
a:    -78,    148, -16640, g:     21,   -805,   -512
a:     34,    104, -16640, g:     82,   -775,   -512
a:     28,    120, -16384, g:     28,   -752,   -512
a:    174,     12, -16640, g:     63,   -840,   -512
a:    -73,     39, -16640, g:     19,   -694,   -256
a:    170,    126, -16384, g:    -33,   -642,   -512
a:    291,    125, -16384, g:      7,   -835,   -512
a:     99,    107, -16384, g:     25,   -812,   -256
a:     97,     19, -16384, g:    252,   -655,   -512
a:    -30,     74, -16640, g:     82,   -733,   -512
a:    183,     81, -16384, g:    114,   -592,   -512
a:    185,     75, -16640, g:    232,   -709,   -512
a:    129,    135, -16384, g:     19,   -708,   -256
a:     77,     43, -16896, g:     26,   -759,   -256
a:     13,    105, -16640, g:     68,   -706,   -256
a:    -60,     86, -16384, g:    136,   -874,   -512
a:    117,     77, -16384, g:    157,   -753,   -256
a:     10,    300, -16640, g:     57,   -614,   -512
a:    403,    133, -16384, g:    124,   -910,   -512
a:     62,    224, -16640, g:     96,   -740,   -256
a:    110,     66, -16384, g:     56,   -636,   -512
a:     59,    205, -16384, g:     77,   -616,   -256
a:    226,    207, -16384, g:    100,   -738,   -256
a:    -64,    122, -16384, g:    229,   -734,   -512
a:    103,    101, -16384, g:    -18,   -678,   -256
a:     94,    216, -16640, g:     23,   -606,   -512
a:    228,    140, -16384, g:    -64,   -652,   -256
a:    193,    227, -16384, g:      1,   -629,   -256
a:    250,    168, -16384, g:    -60,   -759,   -512
a:    145,     93, -16640, g:    -53,   -815,   -256
a:    -39,     91, -16384, g:     46,   -741,   -256
a:    295,    -21, -16384, g:     22,   -693,   -256
a:    -17,    115, -16384, g:     97,   -533,   -256
a:     54,    100, -16384, g:     11,   -726,   -256
a:     83,    127, -16384, g:    147,   -698,   -256
a:    -75,     45, -16128, g:    185,   -737,   -256
a:    109,     36, -16640, g:    208,   -690,   -256
a:      9,    123, -16640, g:     72,   -743,   -256
a:   -116,     90, -16640, g:    -12,   -706,   -512
a:    198,     21, -16640, g:     36,   -614,   -256
a:     30,     14, -16384, g:   -116,   -908,   -512
a:     63,     35, -16384, g:    104,   -711,   -512
a:     28,     88, -16384, g:     91,   -730,   -256
a:     -7,     19, -16384, g:     13,   -736,   -512
a:      2,   -100, -16640, g:    -52,   -731,   -512
a:    130,    134, -16640, g:    -12,   -661,   -512
a:    199,    125, -16384, g:      3,   -798,   -512
a:     70,    138, -16640, g:     -6,   -685,   -256
a:     54,    282, -16640, g:     47,   -783,   -512
a:    -29,    135, -16384, g:     45,   -665,   -512
a:    187,    105, -16640, g:    -15,   -653,   -256
a:    245,    -69, -16896, g:     64,   -689,   -512
a:    164,    122, -16640, g:    -17,   -744,   -256
a:    363,    -53, -16384, g:     40,   -655,   -256
a:    -46,     70, -16640, g:     37,   -694,   -512
a:   -139,    121, -16384, g:     78,   -719,   -256
a:    -32,     68, -16640, g:    139,   -692,   -256
a:    -79,     87, -16384, g:     91,   -699,   -256
a:    109,    217, -16384, g:    133,   -635,   -256
a:    -35,    138, -16128, g:     51,   -724,   -256
a:    166,    -20, -16384, g:   -126,   -704,   -512
a:    -11,     25, -16384, g:     87,   -762,   -512
a:     78,    -46, -16384, g:     40,   -698,   -256
a:      6,     10, -16384, g:     47,   -715,   -512
a:   -102,    134, -16384, g:      8,   -800,   -512
a:    328,     82, -16640, g:    -56,   -671,   -512
a:    212,    216, -16384, g:     30,   -836,   -512
a:    -64,    120, -16384, g:    -45,   -656,   -256
a:    244,    -35, -16384, g:    -44,   -723,   -512
a:    -39,    -59, -16384, g:     65,   -739,   -256
a:    346,    112, -16384, g:    -28,   -666,   -256
a:     53,    159, -16128, g:      3,   -712,   -256
a:    -43,     95, -16640, g:     -8,   -728,   -256
a:     66,    122, -16640, g:     12,   -829,   -256
a:    307,    221, -16384, g:     24,   -615,   -256
a:    -13,    157, -16640, g:     89,   -804,   -512
a:     -3,    179, -16896, g:    114,   -760,   -256
a:      5,    159, -16640, g:    132,   -766,   -256
a:    269,     27, -16640, g:     75,   -650,   -256
a:    155,    163, -16128, g:     93,   -693,   -256
a:    125,    111, -16640, g:     71,   -729,   -256
a:    183,    197, -16640, g:    154,   -803,   -512
a:     17,    127, -16640, g:    171,   -733,   -256
a:     55,      5, -16384, g:     83,   -730,   -512
a:    168,      6, -16640, g:      6,   -721,   -256
a:     39,     16, -16640, g:     58,   -693,   -256
a:    227,    -43, -16384, g:     27,   -730,   -512
a:    120,     -6, -16640, g:     43,   -780,   -512
a:     82,     34, -16384, g:     17,   -776,   -512
a:    154,    194, -16640, g:    -62,   -688,   -512
a:    249,    141, -16640, g:     31,   -731,   -512
a:    418,    126, -16384, g:     79,   -706,   -256
a:    333,     27, -16640, g:   -247,   -683,   -512
a:     43,   -105, -16640, g:    108,   -636,   -256
a:    -98,   -105, -16384, g:    101,   -714,   -256
a:   -244,    144, -16640, g:    215,   -783,   -512
a:   -152,    186, -16384, g:    147,   -768,   -256
a:    167,    -37, -16640, g:    128,   -642,   -256
a:    -66,    150, -16640, g:     17,   -725,   -256
a:    106,    -40, -16384, g:    162,   -759,   -256
a:     20,    122, -16384, g:    147,   -637,   -512
a:    -23,     69, -16384, g:     22,   -780,   -512
a:     85,     77, -16640, g:     67,   -653,   -256
a:    -10,     62, -16640, g:    163,   -779,   -512
a:    110,    -22, -16640, g:    122,   -740,   -512
a:      1,     80, -16384, g:     59,   -668,   -512
a:    315,    131, -16640, g:     63,   -820,   -512
a:    245,     23, -16640, g:     37,   -513,   -512
a:    453,    120, -16384, g:    -99,   -619,   -256
a:     41,    145, -16640, g:   -204,   -758,   -256
a:     64,    130, -16384, g:     42,   -682,   -256
a:   -232,     32, -16384, g:    106,   -808,   -256
a:    191,    127, -16384, g:    162,   -656,   -256
a:    197,    141, -16384, g:    -55,   -765,   -256
a:    135,     -7, -16384, g:    -67,   -643,   -256
a:    268,    124, -16384, g:    -15,   -782,   -512
a:     48,    124, -16640, g:     11,   -640,   -512
a:     96,    -25, -16640, g:     77,   -780,   -256
a:    173,    119, -16640, g:    107,   -636,   -512
a:      7,    -79, -16384, g:    177,   -653,   -256
a:     43,     -3, -16384, g:    148,   -733,   -256
a:     58,    120, -16384, g:    132,   -734,   -512
a:    190,    130, -16384, g:    152,   -772,   -512
a:     69,    317, -16384, g:    152,   -670,   -256
a:    272,    174, -16384, g:     75,   -828,   -512
a:    308,     76, -16384, g:    100,   -706,   -512
a:    -63,    235, -16640, g:     50,   -689,   -512
a:    300,     58, -16384, g:     63,   -896,   -512
a:   -228,     63, -16384, g:     47,   -741,   -256
a:    -30,      0, -16640, g:     20,   -721,   -512
a:    200,     42, -16640, g:     -7,   -658,   -256
a:    173,    156, -16384, g:    -22,   -683,      0
a:    105,    113, -16384, g:     80,   -745,   -512
a:    225,     71, -16640, g:    -30,  -1019,   -256
a:   -178,    -13, -16640, g:    -14,   -626,   -256
a:     29,    143, -16896, g:      6,   -721,   -512
a:   -165,     71, -16384, g:     69,   -721,   -256
a:    169,    170, -16384, g:     39,   -752,   -512
a:    -56,     78, -16384, g:    235,   -734,   -512
a:    174,    170, -16640, g:     62,   -919,   -512
a:     66,    142, -16640, g:     57,   -747,   -512
a:    198,    152, -16384, g:    139,   -596,   -512
a:    135,    173, -16640, g:     73,   -663,   -256
a:    191,    104, -16384, g:    103,   -614,   -256
a:      0,     20, -16384, g:    112,   -710,   -256
a:    134,    -78, -16384, g:    139,   -809,   -256
a:    121,    145, -16640, g:    149,   -642,   -256
a:     90,      0, -16640, g:    227,   -815,   -256
a:   -231,     39, -16384, g:     45,   -729,   -256
a:    105,      4, -16384, g:     20,   -758,   -256
a:     65,     23, -16384, g:   -206,   -613,   -256
a:     -5,    193, -16640, g:      4,   -902,   -512
a:     32,    250, -16384, g:     34,   -743,   -256
a:    143,    -27, -16640, g:    247,   -724,   -512
a:     71,     39, -16384, g:     10,   -704,   -256
a:    -23,      5, -16384, g:    -21,   -597,   -512
a:   -147,     67, -16128, g:    194,   -712,   -512
a:    155,    237, -16384, g:     32,   -670,   -512
a:    168,    192, -16640, g:      2,   -625,   -256
a:     60,    -10, -16384, g:     54,   -833,   -256
a:    380,    246, -16640, g:    113,   -727,   -512
a:    142,     96, -16384, g:    125,   -707,   -256
a:     18,    206, -16384, g:    112,   -654,   -256
a:    167,    -58, -16640, g:    131,   -731,   -256
a:    138,     46, -16640, g:     79,   -712,   -512
a:     11,    117, -16640, g:    145,   -940,   -512
a:    211,    108, -16384, g:    184,   -725,   -512
a:    106,    244, -16640, g:     43,   -729,   -512
a:    161,    -27, -16384, g:     22,   -912,   -256
a:   -243,    236, -16384, g:     -3,   -749,   -256
a:    292,     54, -16640, g:    217,   -643,   -512
a:    176,    -84, -16640, g:    -51,   -674,   -512
a:   -144,    192, -16640, g:    -63,   -696,   -512
a:     57,     13, -16384, g:   -217,   -802,   -256
a:     99,    -25, -16384, g:     20,   -571,   -256
a:    240,     93, -16640, g:     67,   -714,   -256
a:    182,     80, -16384, g:     43,   -681,   -512
a:    112,     70, -16384, g:     60,   -678,   -512
a:    350,    -82, -16384, g:      0,   -683,   -256
a:    131,     43, -16384, g:     79,   -708,   -256
a:    220,     53, -16640, g:    147,   -731,   -512
a:    -10,     38, -16384, g:    142,   -661,   -256
a:   -112,     90, -16384, g:     37,   -884,   -512
a:    206,    194, -16384, g:    188,   -626,   -256
a:    -94,   -194, -16640, g:    120,   -874,   -512
a:     49,    -33, -16640, g:    146,   -526,   -512
a:    193,     56, -16640, g:    113,   -694,   -256
a:    140,    116, -16384, g:     80,   -689,   -512
a:     18,    256, -16384, g:     67,   -816,   -512
a:     43,     90, -16384, g:     93,   -672,   -256
a:     74,    198, -16640, g:     67,   -592,   -512
a:     26,    -54, -16640, g:     52,   -661,   -256
a:     77,   -101, -16640, g:     80,   -791,   -256
a:     76,     30, -16384, g:    233,   -694,   -256
a:    145,     93, -16384, g:     21,   -917,   -256
a:    -86,    205, -16640, g:     15,   -724,   -256
a:      1,     29, -16640, g:   -239,   -688,   -256
a:    242,     60, -16384, g:     -6,   -917,   -512
a:    138,     44, -16384, g:     34,   -744,   -256
a:     12,    -10, -16384, g:     93,   -787,   -256
a:    200,     50, -16384, g:      5,   -694,   -256
a:    254,     84, -16640, g:     59,   -681,   -256
a:    -22,    126, -16384, g:     21,   -849,   -512
a:    147,     17, -16384, g:     48,   -762,   -512
a:    146,    130, -16384, g:     82,   -662,   -256
a:     26,    188, -16640, g:    124,   -671,   -512
a:     -3,     51, -16640, g:     62,   -811,   -256
a:    255,     31, -16384, g:     82,   -707,   -512
a:     42,    140, -16384, g:     86,   -717,   -512
a:    -89,     31, -16640, g:     -5,   -583,   -256
a:    358,    192, -16640, g:    -11,   -821,   -512
a:     13,     15, -16384, g:     67,   -538,   -512
a:     94,    161, -16640, g:     79,   -600,   -256
a:     72,      4, -16384, g:   -201,   -779,   -512
a:    261,     79, -16384, g:    -20,   -955,   -512
a:     76,    175, -16384, g:    -72,   -753,   -256
a:    -37,     65, -16640, g:    -10,   -731,   -256
a:     14,    152, -16640, g:    -10,   -891,   -256
a:    226,      2, -16640, g:    -18,   -764,   -256
a:    -29,    165, -16640, g:     85,   -649,   -512
a:    194,     36, -16384, g:     13,   -699,   -256
a:    -93,    156, -16640, g:    107,   -716,   -256
a:    -28,      0, -16896, g:     39,   -737,   -256
a:     89,     93, -16640, g:    104,   -726,   -512
a:   -115,    161, -16640, g:     90,   -594,   -512
a:    106,    146, -16384, g:     99,   -712,   -512
a:   -143,    289, -16640, g:    136,   -700,   -512
a:    473,     70, -16384, g:    109,   -744,   -512
a:     64,     46, -16384, g:    233,   -769,   -256
a:   -133,    103, -16384, g:     42,   -690,   -256
a:    336,    100, -16384, g:    114,   -708,   -256
a:    200,     56, -16640, g:   -197,   -677,   -512
a:     73,    217, -16640, g:     64,   -691,   -512
a:    228,    206, -16384, g:     47,   -528,   -256
a:     -3,      1, -16640, g:    -69,   -696,   -256
a:   -135,     29, -16640, g:     -1,   -702,   -512
a:    111,    247, -16640, g:     -5,   -737,   -256
a:    257,     75, -16640, g:     59,   -775,   -512
a:    145,    109, -16128, g:     68,   -738,   -256
a:     10,    120, -16640, g:     97,   -769,   -256
a:    416,    -86, -16384, g:     10,   -714,   -512
a:    202,    250, -16384, g:    144,   -754,   -256
a:     17,      9, -16640, g:    240,   -693,   -512
a:     87,   -129, -16384, g:     98,   -538,   -256
a:     20,     37, -16384, g:     67,   -695,   -256
a:     15,    175, -16384, g:    106,   -693,   -512
a:    -38,    134, -16640, g:    109,   -720,   -256
a:    100,    145, -16640, g:     94,   -696,   -256
a:     34,    110, -16384, g:    129,   -729,   -256
a:    283,     77, -16384, g:     56,   -860,   -512
a:    171,    -40, -16640, g:     20,   -617,   -256
a:    190,      6, -16640, g:   -199,   -721,   -256
a:     44,    210, -16640, g:     35,   -921,   -512
a:   -243,    225, -16384, g:    -21,   -639,   -256
a:    291,     -7, -16640, g:     -9,   -686,   -512
a:    261,    135, -16640, g:      7,   -667,   -512
a:     79,    111, -16640, g:    -19,   -670,   -512
a:     19,    179, -16896, g:     19,   -705,   -512
a:    148,     40, -16640, g:     -1,   -721,   -256
a:    181,    171, -16896, g:     13,   -792,   -512
a:    131,     25, -16384, g:    -20,   -728,   -256
a:    246,    159, -16640, g:    110,   -669,   -512
a:     88,     46, -16384, g:     73,   -698,   -256
a:    214,    140, -16640, g:     73,   -721,   -512
a:    -59,    113, -16384, g:    141,   -653,   -512
a:    259,    249, -16384, g:     42,   -708,   -256
a:     61,    269, -16640, g:    181,   -743,   -512
a:   -156,    173, -16384, g:    176,   -740,   -256
a:    -84,    216, -16384, g:    127,   -754,   -512
a:    199,    201, -16640, g:    153,   -836,   -512
a:    156,      1, -16384, g:     94,   -774,   -256
a:     42,     10, -16640, g:    113,   -759,   -512
a:   -148,     92, -16384, g:    181,   -709,   -512
a:     27,     15, -16384, g:    142,   -813,   -256
a:    -65,    113, -16384, g:   -220,   -694,   -512
a:     49,     31, -16640, g:      1,   -577,   -256
a:    -11,    192, -16640, g:      3,   -740,   -256
a:    158,     40, -16384, g:     26,   -754,   -512
a:    317,    231, -16384, g:    137,   -786,   -512
a:   -102,     34, -16384, g:     39,   -650,   -512
a:    -61,    119, -16384, g:     42,   -807,   -512
a:    386,    -70, -16384, g:    -26,   -770,   -512
a:    250,     10, -16384, g:    -16,   -675,   -512
a:   -135,    189, -16384, g:     22,   -701,   -512
a:     37,    131, -16128, g:     98,   -700,   -256
a:    214,     68, -16640, g:     16,   -749,   -512
a:    -19,    139, -16384, g:     62,   -937,   -512
a:      8,    259, -16384, g:    122,   -637,   -256
a:    175,    157, -16640, g:     55,   -763,   -512
a:     84,    -22, -16640, g:    162,   -718,   -512
a:    183,     14, -16640, g:     85,   -733,   -512
a:    131,    117, -16384, g:    141,   -681,   -512
a:     86,    120, -16384, g:    112,   -695,   -256
a:     64,    -50, -16384, g:     24,   -691,   -512
a:    146,    162, -16640, g:     90,   -860,   -256
a:    109,    231, -16384, g:     72,   -701,   -256
a:    188,     81, -16640, g:     72,   -717,   -256
a:     40,    122, -16640, g:     25,   -679,   -256
a:   -109,    101, -16640, g:    124,   -703,   -256
a:    343,     79, -16384, g:    108,   -639,   -256
a:     31,     91, -16640, g:     58,   -753,   -512
a:   -214,    219, -16128, g:    103,   -621,   -512
a:     89,     65, -16640, g:    249,   -695,   -512
a:    271,    115, -16384, g:     -3,   -710,   -512
a:    183,    146, -16384, g:     74,   -757,   -512
a:    113,     51, -16384, g:    188,   -718,   -512
a:    -42,    126, -16384, g:     76,   -654,   -256
a:     63,    -99, -16640, g:    104,   -776,   -256
a:    439,   -249, -16640, g:    126,   -751,   -512
a:    -66,    118, -16384, g:     22,   -689,   -256
a:     93,    107, -16640, g:    127,   -727,   -256
a:     39,     89, -16384, g:     60,   -718,   -512
a:    416,    108, -16640, g:     96,   -883,   -512
a:    140,    114, -16128, g:      4,   -691,   -512
a:    -56,    142, -16640, g:   -167,   -726,   -512
a:    230,     66, -16640, g:     78,   -671,   -256
a:    -62,    126, -16384, g:     76,   -683,   -512
a:    174,    192, -16384, g:     52,   -791,   -512
a:    382,     86, -16384, g:     41,   -720,   -512
a:   -122,    219, -16384, g:     39,   -739,   -256
a:    159,    101, -16384, g:      4,   -629,   -256
a:     48,    -48, -16384, g:      2,   -705,   -256
a:    -18,     24, -16384, g:    -30,   -610,   -256
a:    151,     -1, -16128, g:   -203,   -718,   -256
a:     99,     61, -16640, g:     64,   -674,   -256
a:    138,      2, -16384, g:     84,   -666,   -256
a:    -60,    132, -16640, g:     41,   -951,   -512
a:    138,     38, -16384, g:     31,   -780,   -256
a:   -100,     84, -16384, g:     82,   -679,   -512
a:     53,     85, -16640, g:      7,   -771,   -512
a:    124,    -38, -16384, g:     83,   -703,   -512
a:    101,    141, -16384, g:     94,   -754,   -256
a:     65,     35, -16384, g:     53,   -748,   -256
a:     76,     24, -16384, g:     75,   -684,   -256
a:    244,     70, -16640, g:    100,   -815,   -256
a:     50,    202, -16384, g:     62,   -761,   -512
a:     94,    -32, -16896, g:     74,   -655,   -512
a:     31,     56, -16640, g:     71,   -758,   -512
a:     65,     89, -16384, g:     44,   -672,   -512
a:    -84,     68, -16640, g:     50,   -720,   -256
a:    117,    205, -16384, g:     39,   -736,   -512
a:    106,    128, -16384, g:      1,   -749,   -512
a:    -36,    197, -16640, g:     61,   -562,   -256
a:    190,      8, -16384, g:     20,   -790,   -256
a:    104,    244, -16384, g:    -10,   -755,   -512
a:     33,     60, -16384, g:    -16,   -585,   -256
a:    234,     26, -16384, g:     18,   -837,   -256
a:    213,     67, -16640, g:    110,   -769,   -256
a:     10,    118, -16640, g:     83,   -660,   -256
a:    207,     21, -16896, g:      8,   -686,   -256
a:    -81,    105, -16384, g:    116,   -759,   -256
a:    342,    -28, -16384, g:    102,   -638,   -512
a:    183,    107, -16384, g:     51,   -792,   -256
a:     95,     89, -16640, g:    144,   -884,   -512
a:    154,      8, -16384, g:     48,   -711,   -256
a:    108,    222, -16384, g:     76,   -852,   -512
a:    340,     96, -16640, g:    112,   -760,   -512
a:    259,     69, -16384, g:     27,   -745,   -256
a:    -34,    152, -16640, g:     88,   -671,   -512
a:    -71,    157, -16384, g:     40,   -689,   -256
a:     65,     71, -16640, g:    118,   -712,   -512
a:    243,    105, -16640, g:     69,   -686,   -512
a:     44,    143, -16640, g:    144,   -718,   -256
a:    187,    231, -16384, g:     26,   -744,   -512
a:    -35,     71, -16384, g:     30,   -743,   -256
a:    227,     76, -16384, g:     34,   -705,   -256
a:     15,     91, -16384, g:     17,   -729,   -256
a:    224,    132, -16384, g:     87,   -898,   -512
a:    -20,     70, -16384, g:    130,   -656,   -512
a:    -16,    138, -16384, g:     45,   -822,   -512
a:     52,     96, -16128, g:     76,   -555,   -256
a:    168,    -29, -16384, g:    149,   -627,   -256
a:    100,    104, -16640, g:      7,   -769,   -512
a:    104,    124, -16384, g:    109,   -882,   -512
a:    140,     49, -16384, g:    104,   -764,   -256
a:    -14,     96, -16384, g:    119,   -730,   -256
a:     47,    -13, -16640, g:    165,   -695,   -512
a:    107,     76, -16640, g:     99,   -805,   -256
a:    116,     90, -16384, g:     59,   -709,   -512
a:    170,     60, -16640, g:     65,   -722,   -256
a:    263,    -39, -16640, g:     12,   -685,   -512
a:    193,     51, -16640, g:     35,   -767,   -256
a:    168,     74, -16896, g:    -18,   -608,   -512
a:    177,    105, -16640, g:     63,   -772,   -256
a:    277,    -35, -16640, g:     -7,   -711,   -512
a:    109,     99, -16640, g:     23,   -620,   -512
a:    196,    102, -16128, g:     12,   -778,   -512
a:    203,    105, -16640, g:     -5,   -838,   -512
a:    286,    -44, -16896, g:      3,   -682,   -256
a:    135,    -61, -16640, g:     62,   -693,   -256
a:    184,     74, -16384, g:    -33,   -747,   -256
a:    114,     96, -16640, g:    134,   -715,   -256
a:     -7,     91, -16384, g:    163,   -715,   -512
a:    146,    136, -16384, g:    -35,   -688,   -256
a:     24,     78, -16640, g:     94,   -726,   -256
a:    127,     70, -16128, g:    112,   -733,   -256
a:    -39,    253, -16384, g:     94,   -745,   -512
a:    234,     86, -16640, g:    129,   -765,   -512
a:    243,     97, -16640, g:     76,   -667,   -256
a:     41,     57, -16640, g:     48,   -665,   -512
a:     16,    117, -16384, g:     87,   -773,   -256
a:    165,    211, -16384, g:      4,   -806,   -512
a:    287,    197, -16896, g:      2,   -804,   -512
a:    239,     24, -16640, g:     33,   -681,   -256
a:    -52,    170, -16384, g:    251,   -783,   -512
a:    222,    -40, -16640, g:     57,   -723,   -256
a:   -101,    -27, -16640, g:     23,   -633,   -256
a:    184,     74, -16384, g:    218,   -724,   -256
a:    247,      7, -16384, g:    -17,   -728,   -256
a:    219,     13, -16640, g:    -16,   -677,   -512
a:    143,     79, -16384, g:     70,   -792,   -256
a:    -47,    -51, -16640, g:    154,   -730,   -256
a:    435,     73, -16384, g:     57,   -717,   -512
a:    142,      4, -16640, g:    126,   -822,   -512
a:    254,    -10, -16640, g:     87,   -941,   -512
a:     72,    104, -16640, g:     53,   -696,   -256
a:    279,    -25, -16640, g:   -110,   -674,   -256
a:    209,    189, -16640, g:    148,   -781,   -256
a:     45,    221, -16384, g:    109,   -646,   -512
a:    134,    162, -16640, g:     85,   -729,   -256
a:     87,    136, -16640, g:    130,   -768,   -256
a:    -19,   -175, -16384, g:     78,   -713,   -512
a:     23,    115, -16384, g:     85,   -740,   -512
a:     70,    144, -16640, g:     72,   -788,   -512
a:    310,     18, -16384, g:     33,   -744,   -512
a:   -181,     97, -16896, g:     17,   -668,   -512
a:   -133,    100, -16384, g:      2,   -681,   -512
a:    116,     60, -16384, g:     -9,   -652,   -256
a:    131,    131, -16128, g:     28,   -663,   -512
a:    149,     80, -16640, g:     45,   -561,   -256
a:    243,    203, -16384, g:     67,   -783,   -512
a:    171,    141, -16384, g:    109,   -536,   -256
a:   -234,    135, -16640, g:     94,   -764,   -256
a:      6,    192, -16384, g:     65,   -686,   -512
a:     -5,     91, -16384, g:     14,   -898,   -256
a:    116,     44, -16384, g:    131,   -758,   -256
a:    173,     45, -16640, g:     54,   -722,   -512
a:     22,    166, -16384, g:    173,   -888,   -512
a:     33,    161, -16384, g:    143,   -741,   -256
a:    -19,    195, -16384, g:     61,   -650,   -512
a:    235,     77, -16384, g:    107,   -715,   -512
a:    119,    102, -16896, g:     82,   -689,   -256
a:     45,     71, -16384, g:    106,   -752,   -256
a:   -181,    143, -16384, g:     70,   -720,   -512
a:    200,     98, -16384, g:     33,   -571,   -256
a:    234,     46, -16384, g:    -20,   -799,   -512
a:     83,     97, -16640, g:     20,   -841,   -256
a:     88,    145, -16384, g:     66,   -595,   -256
a:    -38,     74, -16384, g:    -14,   -690,   -256
a:    135,    -93, -16384, g:     75,   -719,   -512
a:     12,     96, -16384, g:     74,   -648,   -256
a:    109,    215, -16640, g:    -32,   -793,   -512
a:    -62,     43, -16384, g:     -6,   -673,   -256
a:    137,    111, -16384, g:     23,   -662,   -256
a:    166,    -34, -16640, g:     46,   -879,   -512
a:    213,    -43, -16384, g:     37,   -678,   -512
a:    176,    154, -16384, g:     80,   -777,   -512
a:    176,    130, -16384, g:    146,   -676,   -512
a:    241,     23, -16384, g:    110,   -705,   -256
a:    -53,    197, -16384, g:    124,   -733,   -512
a:    220,    106, -16640, g:    139,   -678,   -512
a:     67,     56, -16384, g:    123,   -750,   -256
a:     47,     57, -16640, g:     41,   -614,   -512
a:    284,     88, -16384, g:     13,   -833,   -256
a:     29,    -23, -16384, g:    -12,   -766,   -256
a:     81,    117, -16384, g:   -175,   -795,   -256
a:    293,    137, -16384, g:    105,   -975,   -512
a:    246,     82, -16384, g:     89,   -752,   -256
a:    -13,    127, -16640, g:    245,   -661,   -256
a:    -27,    167, -16384, g:     15,   -587,   -512
a:    -67,     74, -16384, g:     57,   -707,   -256
a:    224,     72, -16384, g:     65,   -780,   -512
a:     97,    191, -16640, g:    110,   -773,   -512
a:     64,     69, -16384, g:     69,   -669,   -512
a:     69,    179, -16384, g:     54,   -881,   -512
a:    -36,     78, -16384, g:     67,   -750,   -256
a:     35,     66, -16384, g:     48,   -682,   -256
a:    102,    108, -16640, g:     53,   -778,   -512
a:   -150,    122, -16640, g:     55,   -770,   -512
a:     37,    137, -16640, g:    108,   -726,   -512
a:    327,     11, -16384, g:    109,   -749,   -512
a:     53,     79, -16128, g:    155,   -641,   -512
a:    -87,     83, -16384, g:      0,   -769,   -512
a:     67,    -19, -16640, g:     31,  -1011,   -512
a:    152,     87, -16384, g:     41,   -677,   -256
a:    193,    145, -16640, g:     48,   -787,   -512
a:    -41,    171, -16640, g:     34,   -941,   -512
a:    -12,    120, -16384, g:    -54,   -754,   -256
a:    214,     10, -16640, g:   -195,   -682,   -256
a:    -55,    -61, -16384, g:     21,   -582,   -256
a:     66,    -49, -16640, g:     41,   -735,   -256
a:    232,     22, -16384, g:     16,   -681,   -256
a:    187,     15, -16384, g:     73,   -657,   -256
a:    153,     85, -16640, g:    126,   -830,   -512
a:    112,     -8, -16640, g:      0,   -703,   -512
a:    127,     65, -16640, g:     99,   -736,   -256
a:     -1,    147, -16384, g:     48,   -646,   -512
a:    137,    117, -16384, g:     39,   -711,   -256
a:    -81,      5, -16640, g:    145,   -669,   -256
a:      7,    237, -16640, g:    157,   -868,   -256
a:     30,    104, -16384, g:     39,   -710,   -512
a:    249,    217, -16384, g:     97,   -666,   -256
a:    -78,    206, -16384, g:     95,   -699,   -256
a:    -30,     82, -16640, g:     93,   -666,   -256
a:     90,     10, -16384, g:     62,   -647,   -256
a:     52,    132, -16384, g:     48,   -756,   -256
a:    150,     38, -16640, g:     68,   -518,   -512
a:    462,    181, -16384, g:     60,   -575,   -512
a:    234,     88, -16384, g:    221,   -707,   -512
a:     11,     53, -16640, g:    -20,   -721,   -512
a:   -119,     39, -16640, g:     12,   -697,   -256
a:    176,     68, -16640, g:    245,   -719,   -512
a:     41,    197, -16640, g:     38,   -936,   -512
a:     89,    -35, -16640, g:     73,   -765,   -512
a:    326,     52, -16640, g:   -249,   -653,   -512
a:    135,    261, -16640, g:     62,   -678,   -256
a:    -10,    158, -16384, g:     83,   -672,   -512
a:    127,    161, -16640, g:     40,   -836,   -512
a:    -53,    262, -16384, g:    103,   -834,   -256
a:    139,     43, -16640, g:     65,   -675,   -512
a:     18,    134, -16128, g:    113,   -721,   -256
a:     35,    119, -16384, g:     65,   -666,   -512
a:    161,    101, -16640, g:    109,   -800,   -256
a:    -25,    115, -16640, g:     25,   -964,   -512
a:     52,    -18, -16896, g:    -32,   -731,   -256
a:    204,     82, -16384, g:   -112,   -729,   -512
a:     75,     95, -16128, g:    140,   -664,   -512
a:    139,    141, -16384, g:     82,   -808,   -256
a:    372,    112, -16640, g:   -253,   -636,   -512
a:    157,    125, -16384, g:     -4,   -635,   -256
a:     79,    109, -16640, g:    -30,   -713,   -512
a:    -52,     74, -16384, g:   -206,   -699,   -512
a:    -42,     84, -16640, g:    -12,   -673,   -256
a:    199,     68, -16640, g:     20,   -672,   -512
a:    270,     82, -16640, g:    -30,   -796,   -512
a:    -64,     94, -16640, g:    -24,   -656,   -256
a:    370,    100, -16384, g:    131,   -751,   -256
a:    -71,    209, -16384, g:    -18,   -807,   -512
a:    216,    -30, -16384, g:     83,   -744,   -256
a:    -19,    109, -16640, g:     74,   -711,   -512
a:     66,    -72, -16896, g:     80,   -671,   -512
a:     47,    208, -16384, g:    141,   -748,   -256
a:     72,    140, -16384, g:     58,   -726,   -512
a:   -124,    178, -16384, g:     95,   -767,   -512
a:     12,    -82, -16384, g:    112,   -761,   -256
a:     48,     16, -16384, g:     68,   -718,   -512
a:    352,     52, -16640, g:     28,   -779,   -256
a:    199,      5, -16640, g:     -7,   -638,   -256
a:     85,    247, -16640, g:     40,   -745,   -256
a:    196,    108, -16384, g:    -34,   -957,   -512
a:    236,     47, -16640, g:    -55,   -719,   -256
a:     88,     54, -16640, g:   -206,   -823,   -256
a:   -103,     39, -16384, g:     99,   -746,   -512
a:    -80,    142, -16384, g:     51,   -744,   -256
a:     40,     96, -16640, g:   -244,   -722,   -512
a:     40,    122, -16640, g:      1,   -853,   -512
a:    -28,    133, -16640, g:     16,   -632,   -256
a:    200,    124, -16384, g:     34,   -704,   -512
a:     82,    106, -16384, g:     69,   -752,   -256
a:    -64,     53, -16640, g:    124,   -669,   -256
a:    126,    156, -16640, g:     28,   -729,   -512
a:    170,    252, -16384, g:    113,   -708,   -256
a:     18,    157, -16640, g:    103,   -651,   -256
a:    257,    -37, -16640, g:     59,   -812,   -512
a:    250,     66, -16384, g:     72,   -746,   -256
a:    167,     98, -16384, g:    101,   -693,   -256
a:    152,    182, -16384, g:     63,   -867,   -256
a:    194,     70, -16640, g:     68,   -919,   -512
a:    234,    208, -16384, g:     52,   -660,   -256
a:    133,      9, -16640, g:     63,   -753,   -512
a:    -11,    125, -16640, g:    126,   -753,   -256
a:    -56,    132, -16384, g:     84,   -669,   -512
a:   -122,    116, -16384, g:     43,   -707,   -512
a:    161,    -53, -16640, g:    -14,   -625,   -256
a:    263,     15, -16640, g:     45,   -682,   -256
a:     46,    212, -16640, g:     53,   -708,   -256
a:    183,    230, -16640, g:     66,   -641,   -256
a:    -63,    115, -16128, g:     24,   -793,   -512
a:     99,     49, -16384, g:     46,   -644,   -256
a:    179,     85, -16384, g:    110,   -614,   -256
a:    154,     20, -16384, g:     41,   -740,   -256
a:    306,    104, -16384, g:     42,   -706,   -512
a:    174,    230, -16640, g:     43,   -643,   -256
a:     85,     73, -16384, g:    133,   -897,   -512
a:    -66,    134, -16896, g:    202,   -655,   -256
a:    223,     11, -16384, g:    202,   -759,   -256
a:    -17,    191, -16384, g:     87,   -667,   -512
a:   -251,    100, -16640, g:     60,   -615,   -512
a:    156,     92, -16384, g:     46,   -807,   -256
a:    212,     72, -16640, g:    104,   -693,   -512
a:     83,    118, -16384, g:     91,   -718,   -256
a:    342,    120, -16384, g:     28,   -745,   -512
a:    158,     92, -16128, g:     75,   -735,   -512
a:     46,     72, -16384, g:     34,   -653,   -256
a:     67,    125, -16384, g:    217,   -780,   -512
a:    147,     51, -16384, g:    -23,   -758,   -256
a:     26,     -4, -16640, g:      9,   -756,   -512
a:    175,     33, -16128, g:   -200,   -700,   -512
a:    177,     59, -16640, g:     68,   -932,   -256
a:    -43,    267, -16640, g:     58,   -720,   -256
a:    286,    116, -16640, g:     35,   -748,   -256
a:     90,    188, -16384, g:     68,   -758,   -256
a:   -125,     56, -16384, g:     84,   -763,   -256
a:     13,    159, -16384, g:     78,   -679,   -512
a:    143,    -57, -16640, g:     77,   -686,   -512
a:    170,    154, -16640, g:     87,   -725,   -256
a:     20,    136, -16640, g:    173,   -753,   -512
a:    210,    116, -16640, g:    107,   -734,   -512
a:    281,     85, -16384, g:     20,   -750,   -256
a:     60,    140, -16384, g:    119,   -878,   -512
a:    -38,    200, -16384, g:    122,   -795,   -512
a:    105,    132, -16384, g:     44,   -723,   -512
a:     77,    145, -16384, g:     49,   -736,   -512
a:    271,     67, -16640, g:     -5,   -643,   -512
a:      0,    142, -16384, g:     -4,   -624,   -256
a:    -21,     79, -16640, g:    -33,   -660,   -256
a:     78,    292, -16640, g:     32,   -721,   -256
a:    -10,    222, -16384, g:     70,   -738,   -256
a:     -6,    106, -16384, g:     26,   -763,   -512
a:    221,    138, -16640, g:    -21,   -610,   -256
a:     65,    -29, -16640, g:     12,   -748,   -512
a:    244,      6, -16640, g:     26,   -660,   -256
a:    -58,    -37, -16640, g:     65,   -774,   -256
a:    180,     50, -16384, g:     25,   -674,   -512
a:     24,    104, -16384, g:    -25,   -866,   -256
a:    187,     35, -16384, g:    102,   -730,   -256
a:     40,    102, -16640, g:     11,   -740,   -256
a:    201,    173, -16384, g:    105,   -957,   -512
a:   -227,    211, -16384, g:    133,   -756,   -256
a:    195,     15, -16384, g:     17,   -798,   -512
a:   -103,     87, -16640, g:     52,   -723,   -512
a:    -99,    149, -16384, g:     51,   -753,   -256
a:      1,    173, -16128, g:     42,   -727,   -512
a:     64,    254, -16384, g:     49,   -688,   -512
a:   -106,    113, -16640, g:     41,   -715,   -256
a:     95,    159, -16384, g:    -30,   -711,   -512
a:    170,    162, -16384, g:     -7,   -714,   -512
a:    -61,     30, -16384, g:     25,   -658,   -512
a:     55,     61, -16384, g:      1,   -779,   -512
a:    -42,    174, -16640, g:      5,   -611,   -512
a:    -75,    123, -16640, g:     87,   -827,   -512
a:     23,    145, -16384, g:    -37,   -618,   -512
a:     78,     74, -16384, g:    126,   -696,   -256
a:    175,    134, -16640, g:     87,   -626,   -512
a:   -155,    159, -16384, g:     68,   -816,   -512
a:    104,    236, -16640, g:    146,   -662,   -512
a:    177,     49, -16384, g:    111,   -788,   -512
a:    -54,    114, -16384, g:     83,   -610,   -512
a:    307,     29, -16640, g:     36,   -667,   -256
a:    213,     47, -16640, g:     19,   -592,   -512
a:   -108,    180, -16384, g:     72,   -802,   -512
a:    253,    -46, -16640, g:    103,   -727,   -256
a:     84,      8, -16640, g:    -77,   -815,   -256
a:    193,     19, -16640, g:    172,   -650,   -512
a:    124,    155, -16640, g:    146,   -703,   -512
a:    -56,    182, -16384, g:     44,   -788,   -512
a:    -52,    152, -16384, g:    -19,   -746,   -512
a:    356,     69, -16640, g:     85,   -703,   -256
a:     57,    239, -16384, g:    211,   -776,   -512
a:    170,    -74, -16640, g:    -25,   -614,   -512
a:    165,     82, -16384, g:      0,   -755,   -512
a:     83,    103, -16384, g:     10,   -670,   -256
a:     90,    204, -16640, g:     52,   -721,   -256
a:    -86,     51, -16384, g:     -2,   -699,   -512
a:   -184,     54, -16384, g:    -94,   -684,   -512
a:     19,    -41, -16384, g:    147,   -661,   -256
a:     25,    -17, -16640, g:     93,   -689,   -256
a:     79,    139, -16384, g:     82,   -746,   -256
a:   -113,    121, -16640, g:    108,   -820,   -256
a:   -117,    167, -16640, g:     91,   -722,   -256
a:    -20,     26, -16640, g:     65,   -733,   -512
a:    378,     62, -16640, g:     53,   -721,   -256
a:    -19,    307, -16384, g:    -52,   -814,   -512
a:    295,    191, -16640, g:    156,   -593,   -512
a:    344,     60, -16640, g:     42,   -632,   -256
a:    191,     95, -16384, g:    -21,   -711,   -512
a:     48,    194, -16640, g:    -15,   -706,   -512
a:    246,    -65, -16384, g:    -10,   -620,   -256
a:     77,   -223, -16640, g:     35,   -755,   -256
a:    121,     73, -16640, g:     31,   -707,   -256
a:     99,    265, -16640, g:     98,   -719,   -512
a:    221,     61, -16640, g:     58,   -659,   -512
a:      4,     82, -16128, g:     33,   -723,   -512
a:   -179,     42, -16384, g:    103,   -767,   -256
a:   -189,     -7, -16640, g:     86,   -671,   -256
a:    246,      6, -16640, g:     81,   -725,   -512
a:    120,    -34, -16640, g:    102,   -634,   -512
a:    128,     60, -16640, g:     91,   -657,   -256
a:      8,     10, -16384, g:    113,   -681,   -256
a:     40,    102, -16384, g:     59,   -772,   -512
a:     22,     88, -16384, g:     90,   -719,   -256
a:     69,    -65, -16384, g:    109,   -872,   -256
a:    194,    139, -16640, g:    103,   -721,   -256
a:     -2,     94, -16640, g:     12,   -674,   -512
a:   -108,    258, -16384, g:    -67,   -587,   -256
a:     88,     63, -16384, g:     32,   -738,   -256
a:    238,     54, -16128, g:     -9,   -786,   -512
a:    105,    191, -16384, g:     28,   -708,   -512
a:    111,     17, -16384, g:     38,   -724,   -256
a:    163,     17, -16640, g:     57,   -668,   -512
a:    -46,      4, -16640, g:     68,   -585,   -256
a:   -108,   -178, -16384, g:     65,   -783,   -512
a:    180,     44, -16384, g:     95,   -747,   -512
a:    313,     71, -16640, g:    126,   -717,   -256
a:    235,     -3, -16640, g:    255,   -723,   -512
a:     12,    138, -16384, g:     63,   -758,   -512
a:     95,    108, -16384, g:     61,   -622,   -256
a:    209,    107, -16640, g:      8,   -734,   -512
a:    -62,    158, -16384, g:     71,   -519,   -512
a:    -94,    143, -16640, g:      3,   -555,   -256
a:    190,     70, -16384, g:    160,   -771,   -512
a:     67,     85, -16384, g:    111,   -515,   -256
a:   -156,     68, -16640, g:     30,   -608,   -256
a:    171,      3, -16640, g:    -80,   -852,   -512
a:    116,    -70, -16640, g:    133,   -689,   -512
a:     -9,    144, -16384, g:     11,   -713,   -256
a:     36,     84, -16640, g:   -165,   -631,   -256
a:    257,    123, -16640, g:     35,   -652,   -512
a:    164,    -16, -16640, g:     31,   -762,   -256
a:    171,      9, -16640, g:    -11,   -724,   -256
a:    -80,    -26, -16640, g:     22,   -717,   -512
a:     43,    177, -16384, g:    149,   -794,   -256
a:     33,    153, -16384, g:    -49,   -661,   -512
a:   -233,     90, -16384, g:     33,   -681,   -512
a:    228,   -252, -16640, g:     31,   -674,   -512
a:     24,     90, -16640, g:     63,   -878,   -512
a:    379,     26, -16384, g:    -13,   -730,   -512
a:    131,   -153, -16640, g:     75,   -689,   -256
a:     92,    142, -16384, g:     62,   -685,   -512
a:    202,     10, -16640, g:    137,   -781,   -256
a:    316,    -58, -16640, g:     50,   -633,   -512
a:    408,     44, -16640, g:     14,   -764,   -512
a:     44,    131, -16640, g:    115,   -670,   -256
a:    -62,     96, -16384, g:     46,   -667,   -512
a:    123,     47, -16384, g:     68,   -933,   -256
a:     71,    102, -16384, g:     73,   -834,   -256
a:    -66,    220, -16384, g:    100,   -683,   -512
a:     30,    -82, -16384, g:     43,   -632,   -256
a:    107,    211, -16384, g:     28,   -760,   -256
a:     81,     87, -16640, g:   -251,   -681,   -512
a:    227,    235, -16640, g:     34,   -746,   -512
a:     57,    156, -16384, g:     35,   -779,   -256
a:    384,    132, -16384, g:    216,   -657,   -256
a:    326,    138, -16384, g:    -64,   -800,   -256
a:    157,    216, -16640, g:     77,   -738,   -256
a:    122,    176, -16384, g:    244,   -699,   -512
a:    -45,    -81, -16640, g:    124,   -716,   -512
a:    247,    -46, -16640, g:     64,   -713,   -512
a:    233,    141, -16384, g:     99,   -679,   -512
a:     65,    -83, -16384, g:     59,   -800,   -256
a:    130,    165, -16640, g:     78,   -775,   -512
a:     71,    115, -16640, g:    161,   -696,   -256
a:    -44,    124, -16640, g:    197,   -723,   -256
a:    152,      4, -16384, g:    102,   -707,   -512
a:    254,     70, -16640, g:    102,   -754,   -512
a:     78,    242, -16640, g:     51,   -680,   -512
a:     -5,    169, -16384, g:     16,   -750,   -256
a:    -86,    116, -16640, g:    127,   -723,   -512
a:    126,    -92, -16640, g:    122,   -653,   -256
a:    345,    195, -16384, g:     -5,   -699,   -512
a:     98,    126, -16384, g:     47,   -752,   -512
a:     92,    109, -16640, g:     37,   -655,   -256
a:    210,    -14, -16640, g:     36,   -787,   -512
a:   -133,    153, -16640, g:     82,   -715,   -256
a:    129,    -24, -16384, g:    104,   -663,   -512
a:     75,     41, -16640, g:    225,   -708,   -256
a:     11,    241, -16640, g:     63,   -855,   -512
a:   -147,    198, -16640, g:      7,   -866,   -256
a:    253,    -15, -16384, g:    251,   -775,   -512
a:    150,    196, -16384, g:     45,   -704,   -256
a:     -6,    -36, -16384, g:     64,   -792,   -256
a:    175,     99, -16384, g:     95,   -740,   -512
a:    154,     26, -16640, g:    122,   -753,   -512
a:     86,     77, -16640, g:    124,   -743,   -256
a:    190,      4, -16384, g:    198,   -752,   -512
a:    -29,     87, -16640, g:    132,   -707,   -256
a:     62,    102, -16640, g:     56,   -700,   -256
a:    -35,     23, -16128, g:     20,   -825,   -256
a:     95,     17, -16640, g:    -24,   -746,   -256
a:    104,     66, -16640, g:     25,   -601,   -512
a:     30,    -24, -16384, g:   -160,   -812,   -256
a:    154,    -28, -16384, g:     88,   -812,   -256
a:    269,     82, -16640, g:     45,   -671,   -256
a:    200,    -12, -16640, g:   -229,   -769,   -256
a:    132,     62, -16640, g:     27,   -632,   -256
a:     -3,    213, -16384, g:    -40,   -671,   -256
a:    127,     37, -16640, g:     -9,   -809,   -256
a:    289,     87, -16384, g:    -16,   -656,   -512
a:    117,    119, -16384, g:    -35,   -605,   -512
a:      4,     72, -16384, g:     77,   -738,   -256
a:    125,    122, -16384, g:    103,   -682,   -256
a:     -4,    140, -16640, g:     72,   -739,   -256
a:    250,    -46, -16640, g:     88,   -588,   -256
a:     97,     66, -16384, g:     78,   -607,   -512
a:    175,    145, -16384, g:     60,   -594,   -512
a:     28,   -110, -16384, g:    119,   -721,   -256
a:     93,    127, -16640, g:    141,   -764,   -256
a:     15,     87, -16384, g:     67,   -799,   -256
a:    -62,    162, -16384, g:     28,   -738,   -256
a:    -67,    131, -16640, g:     41,   -694,   -512
a:   -125,    177, -16640, g:   -133,   -710,   -512
a:      0,     -2, -16640, g:    102,   -642,   -256
a:    119,    250, -16640, g:     95,   -769,   -512
a:      5,     79, -16384, g:     10,   -694,   -512
a:    331,     61, -16384, g:    -24,   -731,   -256
a:    109,     41, -16640, g:     16,   -736,   -512
a:    171,    177, -16384, g:      4,   -759,   -256
a:    -36,    144, -16384, g:     45,   -725,   -256
a:    192,    132, -16640, g:     15,   -740,   -256
a:    126,     18, -16640, g:     30,   -646,   -256
a:    142,    -88, -16384, g:     53,   -620,   -256
a:    138,   -146, -16640, g:     39,   -741,   -256
a:    101,     49, -16640, g:     20,   -710,   -256
a:    -75,    123, -16384, g:    153,   -640,   -256
a:    -44,     60, -16640, g:    148,   -831,   -256
a:     95,      7, -16640, g:     25,   -714,   -256
a:    -21,     -2, -16384, g:     67,   -638,   -512
a:     12,    248, -16640, g:     50,   -748,   -512
a:    335,     69, -16384, g:    107,   -738,   -512
a:     29,    155, -16128, g:     75,   -735,   -256
a:    -12,   -248, -16640, g:     14,   -821,   -512
a:     38,    120, -16384, g:    -79,   -717,   -256
a:    110,     50, -16384, g:    -17,   -643,   -512
a:     65,     65, -16640, g:     57,   -789,   -512
a:    123,    179, -16640, g:    -38,   -733,   -512
a:     13,     60, -16384, g:    -11,   -660,   -256
a:    145,    123, -16640, g:     22,   -809,   -512
a:     91,   -135, -16384, g:     18,   -722,   -256
a:    130,   -106, -16640, g:    -24,   -704,   -256
a:     27,    195, -16384, g:    173,   -874,   -512
a:     62,     90, -16640, g:     83,   -725,   -512
a:    -31,     70, -16640, g:     95,   -704,   -256
a:    195,     99, -16640, g:     66,   -743,   -512
a:    249,    175, -16384, g:     65,   -632,   -256
a:    102,    158, -16384, g:    102,   -669,   -512
a:   -119,     83, -16384, g:     29,   -927,   -512
a:   -133,    101, -16640, g:     28,   -776,   -256
a:    111,   -123, -16640, g:    124,   -725,   -256
a:    -33,     -1, -16384, g:     23,   -888,   -512
a:    -53,    125, -16640, g:     63,   -732,   -256
a:    114,    170, -16640, g:     87,   -701,   -512
a:   -178,    116, -16640, g:     64,   -723,   -512
a:    198,     31, -16384, g:    120,   -725,   -256
a:     78,     94, -16384, g:    172,   -732,   -256
a:    251,     77, -16384, g:     57,   -723,   -512
a:     17,     88, -16384, g:     82,   -695,   -256
a:    164,    -42, -16384, g:    214,   -707,   -512
a:     93,    -37, -16384, g:     32,   -657,   -256
a:    -38,     87, -16640, g:     46,   -768,   -256
a:   -142,    184, -16640, g:     -9,   -632,   -512
a:    129,      9, -16128, g:     26,   -726,   -256
a:    -42,    155, -16384, g:     61,   -647,   -256
a:   -131,    121, -16384, g:     30,   -729,   -512
a:   -110,    100, -16384, g:     28,   -600,   -512
a:    133,    242, -16384, g:    168,   -850,   -256
a:    175,    115, -16640, g:     53,   -663,   -512
a:    435,     24, -16640, g:     64,   -654,   -256
a:    244,     70, -16640, g:    135,   -709,   -256
a:    147,     -9, -16640, g:     80,   -732,   -512
a:    -78,     79, -16640, g:     81,   -626,   -256
a:    206,    242, -16640, g:    -51,   -704,   -256
a:    -33,     61, -16640, g:    178,   -721,   -512
a:    133,    -13, -16640, g:     81,   -709,   -256
a:     87,    229, -16384, g:     69,   -655,   -512
a:    274,    112, -16384, g:     31,   -910,   -512
a:   -211,    160, -16640, g:    116,   -740,   -256
a:   -103,     41, -16640, g:    -30,   -631,   -512
a:    122,    -10, -16384, g:    -27,   -656,   -256
a:     87,     31, -16384, g:    -19,   -690,   -512
a:      2,     52, -16640, g:    -11,   -737,   -256
a:    179,    -41, -16640, g:     67,   -745,   -256
a:   -131,    217, -16384, g:    133,   -778,   -256
a:    196,      2, -16384, g:    241,   -650,   -256
a:     38,     70, -16384, g:     88,   -622,   -512
a:     88,    171, -16384, g:    139,   -838,   -256
a:     19,     85, -16384, g:      8,   -669,   -512
a:     -3,    141, -16640, g:    125,   -650,   -512
a:    212,    -64, -16384, g:    152,   -792,   -512
a:     37,     31, -16384, g:    101,   -704,   -512
a:     25,    -59, -16384, g:    130,   -788,   -256
a:     71,    138, -16384, g:     52,   -712,   -256
a:     57,     45, -16640, g:     95,   -740,   -512
a:    -47,    123, -16384, g:    120,   -787,   -512
a:     77,    150, -16384, g:    128,   -744,   -512
a:    158,     10, -16640, g:     12,   -756,   -512
a:    119,    -23, -16384, g:     80,   -742,   -512
a:    139,     73, -16640, g:      0,   -760,   -512
a
